2
0.419491889085168 -0.28842575849212504 -0.5696000031622601 0.03469848102385398
0.3587039222711379 -0.6998242186496599 -0.2753187218114448 -0.847406365543605
3
0.5834911344643059 -0.3366599096772829 -0.6040727159302879 0.6543025143701509 -0.7820178485880751
-0.8388898548474932 -0.5020027941759466 -0.8804440754093497 -0.015134944790078597 -0.5019845728798333
0.2077457613169129 -0.40844476446233546 -0.9282872949818874 0.4499464017273447 -0.9975205451551596
4
-0.029429143496761734
-0.6337793938756255
-0.6552430103205102
-0.777344213031985