2
0.4686552581643144 0.25413701834225333 0.9968647444805527 0.08311788009692789
0.7803754822972839 -0.13801280616275546 0.9348534173271084 0.8562324006091191
3
0.37100142057237195 -0.4807044059133121 0.5133464504926022 0.0396368358225363 -0.1804324463634588
-0.5383104838065274 -0.8593845190774183 -0.17282124891336226 -0.9145821515918744 -0.6938916056240585
-0.9977519153055827 0.8507570060981047 0.3880183884759951 0.6843349762865067 -0.07851862314091784
4
0.0392927220903494
0.5692546298194423
-0.4676618199907938
0.6069669751162852