2
-0.24902247489589202 -0.38937491374537503 0.15918610046611525 -0.5121095406764087
-0.4308124591756963 0.08801473698997553 0.5997322979019406 -0.36608189803860514
3
0.06778494075144059 -0.2819337340735302 -0.4104254839343675 0.1621410641620622 -0.5465730832744231
0.08150547131994501 -0.141861000162119 -0.8755315931597385 0.9418392349057436 -0.324770545189079
0.4393620113491896 -0.456506848787833 -0.2768392061404963 -0.4523663324278606 -0.8639335323134765
4
-0.7481898074581674
0.28723602723557473
0.4750106231246811
-0.336034485196552