2
0.5821214764383522 -0.7014779127760349 -0.2584431140610537 0.03022158564062405
-0.5303343587622587 0.3300212456966023 0.3260538076406687 0.010477454896714145
3
-0.1323432029870617 0.7989992305116482 0.2047516917059291 0.8273117686205675 0.7573463169780732
-0.2220025599012072 0.8035168829728334 0.9270208235276451 0.737862205479829 0.44676532903338484
0.6980952677933092 0.11043971235659411 -0.4540237007241872 0.5298824654690797 -0.4898695082015554
4
-0.6395009381423777
0.6854234945491473
-0.19448591092895318
-0.3428534485042214