2
-0.22337994096816538 0.796360863438053 0.7821625480750853 -0.6000227728214771
None 0.8692977735076828 0.7980902693705678 0.7168608560996665
3
0.12332452832362417 0.1025510849296618 -0.8146386042611937 -0.9496975942443073 -0.6498515381146046
-0.15897710459340098 -0.8896052205197744 -0.3610424823487275 0.578915562085756 -0.36734117949892897
0.48710773449107014 -0.831818865951826 0.2071070185577102 0.9501258364773639 0.2938998968014843
4
-0.19991719042119072
0.8539147058065255
0.47431811223945197
0.7386796585029283