2
-0.6093247438850051 0.49758964947326656 0.6838611867675857 0.6991593475980598
0.691411419034589 0.6439670392357886 -0.050598867709502615 0.31713631409643495
3
-0.6704961893098864 -0.5696796301795228 -0.2754290453964112 -0.5920529725335064 0.5922430061949555
-0.6123273170780787 0.9441104463914984 0.3458242322970655 0.7875155888428684 -0.3830654897904009
-0.23171580547435044 0.44735879731117145 -0.42037568944212933 0.4010436808916813 -0.21618916151854095
4
-0.049358867976628584
-0.13578580860961376
-0.30015313020797607
-0.02533452304696393