2
0.5104605988616375 -0.2976390219292069 -0.7653310071046704 0.6256887310135479
-0.3272265317833414 0.29553342553119544 -0.887143914738127 -0.33700508593508416
3
-0.42668511748645765 0.8629743739150346 -0.9888780012762104 0.4444820416599977 -0.49968506435595605
-0.07385593000879731 -0.06138732166407568 -0.16063127856389947 -0.1153310507587526 -0.30304183626720516
-0.9064437127509783 0.9330976501225714 0.3445187302281334 0.10955852035782376 -0.654616327387995
4
-0.96702597881275
0.20097073182535752
-0.4826413287777582
-0.22833739580451784