2
-0.19994541556590306 -0.3144423997174999 -0.3393655416848653 -0.1921801487174064
None -0.7655898368674852 -0.9125846633423196 0.6310363615748644
3
0.9735831761662317 -0.18426804290073084 0.42725127635201443 0.24741600774859807 -0.6266881359304788
0.3175157987431565 0.1483163862245711 0.04558464110044613 0.9562888175783852 -0.959835451700636
0.6780675097852731 0.4721689431502114 -0.639310454555561 -0.8302370615785861 0.48993982741012587
4
0.11206834797687493
-0.6382480508573927
0.7879979553007852
-0.4832736994818234