2
0.9000438945226781 -0.38937491374537503 0.15918610046611525 -0.5121095406764087
0.45028923555209444 0.08801473698997553 0.5997322979019406 -0.36608189803860514
3
-0.0036727267643625883 0.20534297254581801 0.5531633949290733 -0.4477187368490003 0.24371235647494327
0.33458935169613024 -0.37287795127790524 0.6865202774741768 0.8046469168673456 -0.06695491798680253
0.40196660443751964 -0.4803658959383301 0.5502868234526683 -0.09855654953853121 0.6068930951107292
4
-0.7481898074581674
0.28723602723557473
0.4750106231246811
-0.336034485196552