2
0.8425356964550101 -0.38937491374537503 0.15918610046611525 -0.5121095406764087
0.4142418082161645 0.08801473698997553 0.5997322979019406 -0.36608189803860514
3
-0.04410336702286344 0.6129572748271783 0.3256536118399871 -0.9325024034540914 0.05439011209896183
-0.6265171532106846 -0.9404736407551508 -0.2991410971385682 0.974651652387549 0.807511030734275
-0.9902105231654197 0.1928711594604724 0.4107473372504271 0.977635029261934 -0.3189459460203812
4
-0.7481898074581674
0.28723602723557473
0.4750106231246811
-0.336034485196552