2
0.3876284204668097 -0.6275755886371572 -0.9735083294261351 0.3963533074574386
0.5970248336774568 0.1343860987946135 0.8677782419916862 0.8257217835056501
3
-0.15844911586222188 -0.06906209149941134 0.07029067759069663 0.7933556730746694 -0.6730694468699161
-0.7483040768681697 0.5766118289536142 -0.8062783034913603 -0.19169740436262117 -0.006478020383803074
-0.3291580253632982 -0.09582052113207262 0.9264196838702963 -0.11166587648182302 0.8293714861356336
4
-0.8630238083073887
0.3868353651488632
-0.6723919439724086
-0.799069852838199