2
-0.45024487065769203 0.12747478622640007 0.9325320596320126 0.03279690223626086
-0.044478352930357845 -0.16504989231838518 0.5574435632806682 -0.5046408213666773
3
-0.9929862326040941 -0.8076361611435696 -0.4760504780257184 -0.7278378761052247 -0.7004447401518596
0.6859668866628403 -0.1677794143842446 0.07114438437642434 -0.3586173323565429 0.8350397766622257
0.3521997573185984 -0.3129349310455405 -0.6768852591710202 -0.766335682179563 0.6191560245671215
4
-0.33804181641575615
0.13796388149054128
-0.36317816562040695
0.7668403572360314