2
-0.2764356882145482 0.12747478622640007 0.9325320596320126 0.03279690223626086
-0.9045828829030875 -0.16504989231838518 0.5574435632806682 -0.5046408213666773
3
0.49587863327630677 -0.8076361611435696 -0.4760504780257184 -0.7278378761052247 -0.7004447401518596
-0.5658865374777109 -0.1677794143842446 0.07114438437642434 -0.3586173323565429 0.8350397766622257
0.5613122029112261 -0.3129349310455405 -0.6768852591710202 -0.766335682179563 0.6191560245671215
4
-0.33804181641575615
0.13796388149054128
-0.36317816562040695
0.7668403572360314