2
0.7021761932559889 -0.38937491374537503 0.15918610046611525 -0.5121095406764087
0.9801276607634966 0.08801473698997553 0.5997322979019406 -0.36608189803860514
3
-0.4567191111022939 0.13065538347628158 0.22431980562635334 -0.957628960095199 -0.9820130358075165
-0.29479414473708987 -0.9720596150061542 0.3548970896499044 -0.3698619241425676 0.07950033158534664
0.49776901581702093 -0.5886026271471654 -0.3820808445676587 0.6974798866114909 0.5673435294849929
4
-0.7481898074581674
0.28723602723557473
0.4750106231246811
-0.336034485196552