2
-0.3972929580207605 0.5391363251574295 0.6010116068510025 0.38140260812869453
0.7577382897440048 0.5678466124720059 0.16564540437955388 -0.04143922393964106
3
-0.5818998771770765 -0.7319930867115816 -0.6815796107795773 -0.9502171077810464 -0.44412066796190497
-0.11595019082864355 -0.011977498311612766 -0.6453367476169831 -0.44035509210494617 0.234612549899184
0.08586839124903123 0.18886178610504145 -0.17334050609120677 0.35210366470819054 0.8635059150985693
4
0.35251049728078465
-0.9877502059051733
0.09915754707447344
0.8162753250078083