2
-0.8684904600289747 -0.38937491374537503 0.15918610046611525 -0.5121095406764087
-0.9360490601554483 0.08801473698997553 0.5997322979019406 -0.36608189803860514
3
0.6860565993488952 -0.14877622652636857 -0.7981529119072852 0.589329017789203 0.3773844306351666
0.8761891445804615 -0.20262726729887448 -0.9799235133505493 0.8416861000617615 0.19675207777108383
-0.06881937599871146 -0.2962993346469964 -0.8380446458483961 -0.6929094578198407 -0.8723598155992114
4
-0.7481898074581674
0.28723602723557473
0.4750106231246811
-0.336034485196552