2
-0.9309623127657762 0.12747478622640007 0.9325320596320126 0.03279690223626086
-0.5914362178160526 -0.16504989231838518 0.5574435632806682 -0.5046408213666773
3
-0.38495735660567365 0.5636754232923422 0.3014457289432495 -0.5928108622558206 0.6919112918990569
0.5591237644764224 -0.7859877403032864 -0.024346626941949223 0.7306549787748928 0.6169064222069462
0.7292280300228862 -0.49497835859429595 0.759082928863718 -0.2522724957718807 -0.5664319481825484
4
-0.33804181641575615
0.13796388149054128
-0.36317816562040695
0.7668403572360314