2
-0.08108630016632556 0.06003723481141021 0.13535512389551396 0.6738405176876643
0.2722728520330915 -0.672688622110236 -0.6336378519808943 -0.7741918588678571
3
0.7369368845270867 0.8854944758827006 -0.3393885647236059 0.15864566756899978 -0.06297556619320033
-0.8732930390170133 0.07022156273388136 0.5804433206739266 -0.6056061027947934 0.9271050276219832
-0.2297242849436958 0.08633676132921808 0.3358978042217122 0.9556520831950739 -0.7612291285831652
4
-0.2544160460637528
-0.03026949163861614
-0.13868625989898753
0.6396329820624371