2
0.11660343247629279 -0.38937491374537503 0.15918610046611525 -0.5121095406764087
-0.41193671504131424 0.08801473698997553 0.5997322979019406 -0.36608189803860514
3
-0.6396085090157364 0.994875811553595 -0.35127930979637023 -0.7948112188554701 -0.0029931794697943825
-0.8767495132487855 0.5608749198372147 0.060428306254490805 0.3007932061173084 0.4484716171028875
-0.11510773489944714 -0.6436584055047543 0.8451859104170523 0.964070165910609 -0.34340490135839064
4
-0.7481898074581674
0.28723602723557473
0.4750106231246811
-0.336034485196552