2
-0.5240266427646387 -0.809164434422273 0.35852541658643267 0.41637001795954265
-0.6487910794458169 0.8428357557705777 0.32217170884229396 0.9388253250478773
3
0.9025024024895361 0.625789167330361 0.7709341075980178 -0.945509699523867 0.9337610810554751
0.7243027194965892 -0.09023947955532652 -0.502658569221957 0.24809154502163544 0.3724050308345366
0.47814391950646407 0.236417281182409 0.45101972396593193 0.630233919253925 -0.1783198292363517
4
0.08041977682106194
0.7527389860834597
0.45212009764804706
0.606813008600932