2
0.01839782204642426 -0.37467094065472684 -0.04958135620714654 -0.9376194349591702
0.8084911349993578 -0.10096779826850266 0.4985542006972252 0.1843701266489337
3
0.2804804372870384 -0.4584723400678803 -0.1670618777658599 0.8807746281472553 0.46081083399864187
-0.28166919931782486 0.326734872032892 -0.6836326822105128 -0.8326887954202464 0.1365389641834831
0.6194189877451661 0.32607530331794 0.16133103391727444 -0.5378853508425963 -0.9678377326197878
4
0.16352151876783672
-0.6309064004181129
0.9327984168725247
-0.012710748691921347