2
-0.6494064788110769 0.4250369592675809 0.10999727440169393 -0.6988815680930045
-0.5928190422414428 -0.34815832358149135 -0.9676680209300175 -0.822891973241715
3
-0.3122928353301906 -0.48007577582897043 -0.012806853524602868 -0.6289411293208622 0.7121918019084696
-0.19903268442476518 -0.9191461673695209 -0.9314460744583786 0.7797984254663928 0.6772018701016234
0.8319471783095234 -0.519688392147593 0.49788183373521644 -0.9051384220841507 -0.4878877840764846
4
0.8956759835812991
0.34862045751953774
0.570838815977315
0.8204697189423027