2
-0.46319712591362916 -0.37467094065472684 -0.04958135620714654 -0.9376194349591702
0.9246256972338416 -0.10096779826850266 0.4985542006972252 0.1843701266489337
3
-0.3552037404037278 -0.4584723400678803 -0.1670618777658599 0.8807746281472553 0.46081083399864187
-0.02099292891054727 0.326734872032892 -0.6836326822105128 -0.8326887954202464 0.1365389641834831
-0.04592053614558811 0.32607530331794 0.16133103391727444 -0.5378853508425963 -0.9678377326197878
4
0.16352151876783672
-0.6309064004181129
0.9327984168725247
-0.012710748691921347