2
0.9929743803061388 -0.37467094065472684 -0.04958135620714654 -0.9376194349591702
-0.6837994758171146 -0.10096779826850266 0.4985542006972252 0.1843701266489337
3
0.1092381861622791 -0.4584723400678803 -0.1670618777658599 0.8807746281472553 0.46081083399864187
0.05407155621316129 0.326734872032892 -0.6836326822105128 -0.8326887954202464 0.1365389641834831
0.8509886083080482 0.32607530331794 0.16133103391727444 -0.5378853508425963 -0.9678377326197878
4
0.16352151876783672
-0.6309064004181129
0.9327984168725247
-0.012710748691921347