2
-0.8605410119895713 -0.6275755886371572 -0.9735083294261351 0.3963533074574386
0.6039638248489605 0.1343860987946135 0.8677782419916862 0.8257217835056501
3
-0.7527447602858495 -0.9415694932307739 0.8389794144286138 -0.19887392506327162 0.8232808510941836
-0.5850927872634424 0.9168094642771132 -0.8683814998380777 -0.4582764709389562 0.3412027164150897
0.3325916683413055 0.5879566357224499 -0.5818378479953106 0.49968829161474626 -0.7112535468673304
4
-0.8630238083073887
0.3868353651488632
-0.6723919439724086
-0.799069852838199