2
0.9459937819327171 -0.38937491374537503 0.15918610046611525 -0.5121095406764087
0.22010308200976403 0.08801473698997553 0.5997322979019406 -0.36608189803860514
3
-0.30711981789209486 -0.5839682361152607 0.49355546056469257 0.5961926755473759 -0.8403051885656807
0.684070565975291 -0.8286343673669074 -0.9981170203911163 -0.5183580361896063 -0.2246923396945022
-0.9919503312393754 -0.8353824665861107 0.43755055858273106 0.5870421282933576 -0.2542262672554605
4
-0.7481898074581674
0.28723602723557473
0.4750106231246811
-0.336034485196552