2
-0.8309487604936598 -0.12669951604671081 -0.36922405692297944 -0.27706119247888616
-0.334058364031945 0.046208596022780046 -0.5957278374380583 0.6651691539735238
3
0.8620695336245745 0.11480557155269744 0.16254203987357818 0.6250161639793579 -0.42324365623288074
-0.3848487598753756 0.15899236351930335 0.8400229809889597 -0.3188023786289078 0.0729297696351161
0.7619106580936359 0.5244139218941246 -0.9367013063466898 -0.9673944970548405 -0.08145710721112298
4
-0.7294361366366942
-0.21606151745223445
0.5147336742641131
-0.29881294215024745