2
0.7073130719819605 -0.12669951604671081 -0.36922405692297944 -0.27706119247888616
0.4875890996769021 0.046208596022780046 -0.5957278374380583 0.6651691539735238
3
-0.6068957670264064 0.11480557155269744 0.16254203987357818 0.6250161639793579 -0.42324365623288074
-0.6760686758826759 0.15899236351930335 0.8400229809889597 -0.3188023786289078 0.0729297696351161
-0.7492927952598354 0.5244139218941246 -0.9367013063466898 -0.9673944970548405 -0.08145710721112298
4
-0.7294361366366942
-0.21606151745223445
0.5147336742641131
-0.29881294215024745