2
-0.7123918877611994 -0.809164434422273 0.35852541658643267 0.41637001795954265
0.6638578097076577 0.8428357557705777 0.32217170884229396 0.9388253250478773
3
0.9025024024895361 0.634366439653337 0.9951989953773155 0.7246937436226106 -0.3736833053417281
-0.6253365458816234 0.2412102449593323 0.8283412360192954 0.6581207103882651 -0.8568495831823071
0.47814391950646407 -0.011381734631196183 -0.2882746676439385 -0.08218257937796403 0.5732833338377683
4
0.08041977682106194
0.7527389860834597
0.45212009764804706
0.606813008600932