2
-0.09243057206063332 -0.261699391181456 0.5391307253201767 -0.4474365520588086
None -0.18537487612166648 -0.8990723018176139 0.937113418494506
3
0.32452290365743 -0.8512370460581822 -0.44308143091311214 0.754994560853329 0.8325329666894703
0.5053024059872671 -0.7171026467647992 -0.46130216898654 0.19482891546230574 -0.8203409434760007
0.6128951787113495 0.7051656865807379 -0.5839750672483202 -0.2552147297155456 0.34594693009132627
4
0.5567670231255553
0.0559723017631768
0.7748078711037953
0.5902604839629859