2
None -0.31412722133264026 0.011268261786672396 -0.9593059815938891
-0.01482990544254692 -0.14243153685595922 -0.9852649723671958 -0.8312768517875702
3
0.618082541561443 0.3149358061763734 -0.7689464554130088 0.6595724497013558 0.49031846042089966
-0.48924627910313934 0.6368178534390507 -0.10126197061882847 0.20124238233065617 0.8262602874172347
-0.7902795921351728 0.41099752103113674 -0.29205847171226185 -0.8841716551957199 -0.6494317996372496
4
0.7629502263248205
0.6558923184726473
0.16442469085377542
0.44396107339047797