2
None -0.8938295112127634 -0.05275074256116952 0.9911867739784839
None -0.4138877055341581 -0.6030617603405115 -0.2633686074243198
3
-0.1927146711411527 0.9079031403454936 -0.15562487762720423 0.891271916767119 -0.6604418671289074
-0.7887244022952942 0.1418917820579444 -0.40991857056114656 0.9204689963968711 -0.19479225334688666
0.7558767493053129 -0.9769707837476576 -0.3521976888534477 -0.1774175894183414 0.5699791874640139
4
0.8675311115714495
-0.2801233991116481
-0.5703140564059694
0.6438452240610792