2
0.8537328704853562 0.14892721066161596 0.8005970194469358 0.07606643369592092
None -0.405751834098806 0.7844647228437887 0.31352879371383047
3
-0.5711143855644252 -0.029620025119390547 0.7379605034955652 -0.799886066165115 0.39216149939513056
-0.2292442316740395 0.3382302446561092 0.18313332825560402 -0.43310733308954386 0.20366649009076365
-0.993786671925811 0.26210732234597733 0.13508890894435477 0.8938508175882252 0.8020312740412181
4
0.5060561999959785
0.6743009726568205
-0.4900135673121222
0.11075627252322051