2
-0.9235342585920041 0.31596728911587935 0.2077071668165884 0.6038536922168081
None -0.8503525989310028 -0.05036598664040448 -0.29211311934813966
3
-0.9896754812245894 0.6837734808030631 0.7688074296604273 -0.3054066402757709 0.8070949905579936
-0.043067142101895106 -0.9457641420211513 0.33159464151444307 0.9310181372755539 -0.8220070606556751
0.7244160418829226 -0.35597521112958574 0.746152239067507 0.5294974776297481 0.8222916681090195
4
0.8224240307703643
-0.7433079682715829
-0.15642069381994417
0.8991055441046225