2
0.09132379018161907 -0.19210339727460068 0.5950322360868814 -0.6324896643337241
0.4583007020645762 -0.16436688293261725 0.8481537757147466 0.3272293275073548
3
-0.6460249301431236 -0.9004083223174484 0.46005443747453345 -0.1983992996951809 -0.3491215069717908
0.6647259091990914 0.01258285192126496 0.647614986607955 0.19884212772614296 -0.3773144577211236
-0.20200676452919653 0.8193320775756452 -0.44225128765094723 0.6948458615372859 0.4438815403007288
4
-0.36804495122788516
-0.6703188864696232
0.7801186184009865
-0.8677346916943607