2
-0.7934154109667679 -0.15307405536395136 0.41242327556792113 0.15955835555739095
-0.6743715273341981 0.330583085423231 -0.21600316347005144 0.25456328500161396
3
-0.7878809326357281 -0.7963482040132122 0.1420068371137304 -0.4032051234997591 0.829328486566492
-0.6885771597053842 0.5407688683047638 0.5253821887412309 0.1376593422612855 -0.9719656818193869
-0.5858303585987363 -0.10065081868139658 -0.4168889185655269 0.4044035112424458 0.44388314054626576
4
-0.7881511126957992
0.7142202316453896
0.04626286936662849
0.43567933076744314