2
0.5934968119189186 0.25413701834225333 0.9968647444805527 0.08311788009692789
0.8570865491865232 -0.13801280616275546 0.9348534173271084 0.8562324006091191
3
-0.13120640367368264 -0.8251585089448368 0.12697388229814544 0.014627279597395404 0.4922915310848843
-0.766844010343791 -0.9699041474793084 0.128239075759629 0.6497981645274034 0.42986822645460965
-0.09783461549493921 0.7290725141034764 -0.3406934771770911 -0.7440266397401698 0.1441438670627948
4
0.0392927220903494
0.5692546298194423
-0.4676618199907938
0.6069669751162852