2
-0.4519814877683268 -0.0777145402950461 0.4556259816591677 0.8426046532927127
0.9307025609495716 0.5839984087661185 -0.733303658978731 0.5612301175215832
3
-0.6917364783546847 0.1373233930936053 -0.3671466481296659 -0.15479458475003294 -0.9437926028226014
0.3639957714027804 -0.2036284054516635 0.929822852738214 -0.18840191759325098 0.548695765985225
-0.9072744350134476 -0.4940973377689337 -0.07486037790325462 0.4605863790199862 -0.9826147379883639
4
-0.5686174175178067
0.6403264610578914
0.355721709732834
-0.050006626857534764