2
0.896221347724502 -0.809164434422273 0.35852541658643267 0.41637001795954265
0.7348618696182674 0.8428357557705777 0.32217170884229396 0.9388253250478773
3
-0.231185890323806 0.9112173152621574 0.9905081346080111 0.523399367908679 0.31841131002928247
0.6185817630296737 0.489253339596208 0.8410961152657153 0.618096672773899 -0.6350768478425504
0.5709071963865457 0.11227576022484853 -0.7527932752362763 0.9119918099978215 0.2568584707002288
4
0.08041977682106194
0.7527389860834597
0.45212009764804706
0.606813008600932