2
-0.18466655110596508 -0.28842575849212504 -0.5696000031622601 0.03469848102385398
0.9920502892588672 -0.6998242186496599 -0.2753187218114448 -0.847406365543605
3
-0.8953884453147352 -0.9823287687787219 0.7133037093681107 -0.8743554285452135 0.1916743772071976
0.8069442030982303 -0.4826919426661458 0.21768064648554541 0.3082195126191116 0.9811207951854914
0.672463200728187 -0.296490551083578 0.01734091787594738 0.5900142799843215 -0.7038693445141764
4
-0.029429143496761734
-0.6337793938756255
-0.6552430103205102
-0.777344213031985