2
-0.6746755664342718 0.9698097542398267 -0.8800791492973017 0.7086238896154822
None 0.038864839805920814 0.2496292445401196 -0.7349491175128844
3
-0.25792305820418404 0.31442605934056234 0.5558489998081086 0.5131251817790377 0.3338990687397616
0.5812489948257162 -0.3902099759251896 -0.5204258812953153 -0.352020602186623 -0.3453316966518214
-0.11486181364658288 0.9295169463310338 -0.36402868059127913 0.9419050310592876 -0.07188338891170298
4
0.10280933728225872
-0.6870633579682819
0.11348785167959363
-0.9487132587332656