2
-0.04572854205333621 -0.48768928147816215 0.845461866930127 -0.8056589441653752
-0.7689448594316599 -0.06768362056282218 -0.3330662260092241 0.8086823929940454
3
0.6944870283377531 0.11009331255159371 -0.9623234922744235 -0.9582858254110582 -0.9712441920747861
0.6792469186222201 0.09247204851109259 -0.04777055104912975 -0.36441739962255015 0.7542212584629717
0.7071434429077306 -0.5726773627823203 0.33307858931118006 -0.8943093640165729 0.5817037089392272
4
0.46211803963838394
-0.5489227913518466
-0.08347411931231741
-0.13455711214380162