2
-0.16349433424082038 -0.8183597325465526 0.20121782868543048 0.0975996012896283
-0.31238615497582645 -0.8017174023278164 -0.867717266403174 0.6274954134517841
3
0.894221818493856 -0.9757200962327912 -0.548967888743529 -0.9184231882547915 0.63602367035355
0.09930898947152644 0.6685093463779677 -0.9109746170774837 -0.5402167608608228 -0.9168235707606831
-0.27491783532169545 -0.4038565745687055 0.13123632845527178 0.35080030632885073 -0.025465567892416274
4
0.3472582163700617
-0.6255492062107479
-0.3288307759357705
-0.14395461308418023