2
None -0.8183597325465526 0.20121782868543048 0.0975996012896283
None -0.8017174023278164 -0.867717266403174 0.6274954134517841
3
0.39285194874156293 -0.9757200962327912 -0.548967888743529 -0.9184231882547915 0.63602367035355
0.0024824886290335524 0.6685093463779677 -0.9109746170774837 -0.5402167608608228 -0.9168235707606831
-0.25877234848372144 -0.4038565745687055 0.13123632845527178 0.35080030632885073 -0.025465567892416274
4
0.3472582163700617
-0.6255492062107479
-0.3288307759357705
-0.14395461308418023