2
None 0.2588642515967927 0.22942303486490112 0.004911579303297442
0.6308937174951128 -0.9767333604985076 0.8190296884747181 0.634069505148745
3
0.7072520546342447 0.5198081274506909 -0.7683395407988733 -0.8961333012846091 0.4862108383361805
0.7438122816357651 0.46209746431312104 0.5711188939987271 -0.7606854729290544 0.06675721133956314
-0.33245626936673855 -0.21470330178390218 -0.4117182970371249 0.12918031032811195 0.4716394264468571
4
0.390628595281278
-0.9384860554320882
0.46109383834451
-0.20690700350938496