2
None 0.2331062130621111 0.9118975078585458 -0.5866927754528577
None -0.12401507028423353 -0.7409722934820966 0.9588923592402758
3
0.5575642724074541 -0.49832136127890303 -0.37405613151205763 0.3695382623407424 0.24381417590138987
-0.31795061143369097 0.1808191252505973 -0.3149003900495282 -0.7004529074698116 0.8310051762916921
0.474410665499414 -0.6816957276033402 -0.7473421011164123 0.9464986149190882 0.7379314462701705
4
0.7649984109379575
0.6252815611174778
0.3265573105660826
0.8912663002372139