2
None 0.7368065324546935 -0.8687614532240027 -0.48055373684274283
-0.8156244989868766 0.6867127524805292 0.5710934973553781 -0.6016953812031591
3
0.7326608393959289 -0.7588223519708108 -0.6348532723090183 0.6221121121179018 -0.4166526757131439
0.5688778059437098 -0.14246468387007405 -0.3195660558703306 0.9245342103409835 -0.596688359172052
-0.02998079007597254 0.3266721010084175 0.5709277114293287 -0.8247352064649569 0.18075700515283422
4
0.5407556836631588
0.21624536702438868
-0.36276234022460385
0.4149533625217725