2
None -0.5173158316166733 -0.6870261232941479 -0.49614824783671563
None -0.3767668005756004 -0.10730985388739289 -0.8474750457845845
3
0.42914340840768284 0.6543999467844013 0.9580922068232289 -0.8630968968228709 -0.6572050616490781
-0.03690527384784592 -0.90341382204451 0.6398537537281366 0.9612917826150773 0.28061957131577286
-0.5437070475937336 -0.12520649395358352 0.11171113444492375 -0.9560157859269391 0.29398091120330383
4
-0.45135708920373707
-0.6956305739132069
0.434555046061341
0.0758961500691564