2
-0.857792991812877 -0.02037912233206618 -0.9628729164236514 0.6320203795669033
None 0.8300644609421874 0.3467027091045145 0.8425663940848558
3
-0.34336131961730953 -0.6221152331862414 -0.07561099915053049 -0.25678313912071205 0.22397905154611597
0.41442635309297304 0.7229410107050402 0.11456525513957949 0.841780351689474 -0.8184111396016247
0.15386283431446524 0.4781980512250461 0.20112893201885318 0.7011137440506481 0.19580425770556187
4
0.3568945375220962
0.9191479547288888
0.352195674371494
0.919321434844286