2
-0.22159489101885876 0.8189283119076622 -0.5513134947260063 0.2954456494040547
0.1164786956626005 -0.9004109377612006 0.36037696720198253 0.9636011652152443
3
-0.75543633756749 -0.11349829459397687 -0.9742857194603578 -0.32492811727157234 -0.9915524546036858
-0.33463468413852904 -0.11789119773034029 -0.5806435129942407 -0.1482361628824691 0.9976695766480983
0.0723883584994296 -0.4068186563535414 0.9322366459030946 0.9859875708159223 -0.7047915102903668
4
-0.5147584525570028
-0.6473720490016555
-0.9206238463965373
0.21262378238768753