2
None 0.39605831925010504 0.6856509706918541 -0.8384616554778164
None 0.9905515604468136 0.47842542631424023 0.13525459137836582
3
0.12187054946253251 -0.2773600916897383 0.14721079658185565 0.13041554479755124 -0.21354079929341685
0.6625080215613208 0.6184239339206163 0.43209153551204516 0.8961373309977496 -0.9455464611222646
0.0941050060700388 0.8129278571355134 -0.8519821838905655 0.2913056856343179 0.6095303310456037
4
0.2753294130222763
0.9244134170642659
-0.5424814759720635
-0.4315634936033166