2
0.23807779104715232 -0.6084793374249893 -0.5776427017333292 0.8105719247850827
None 0.23329478751931298 -0.5434890031546062 0.584069247596128
3
-0.8861478958839029 0.2961309264248624 -0.2448288452258771 0.555775750059381 -0.8928253813344313
-0.7915048318091842 -0.3710893754086706 0.19594689963127587 0.44898291827640113 0.7146569584218241
0.8067788303102197 0.7417420892353435 0.7086856135079267 -0.08056953932138544 0.45371211830219793
4
-0.946785742912877
0.9290872860149009
0.873060800848144
-0.8252796226390064