2
None 0.8127669206618768 0.42796486923516563 -0.1030334630843972
None -0.815695975277624 -0.5010368110965246 -0.6646118949996287
3
-0.4979373632974351 0.9622846226013979 0.5051469389447338 -0.6558985025368145 0.5946060929990056
0.6049840032001714 0.6342765079535646 0.17786411878650088 -0.9957251538644065 0.9817582064886066
-0.2017301511148475 0.8914265752786934 -0.14646544404548556 0.3084437594951086 -0.7914538486536937
4
0.3274581391811753
0.012125284289462579
0.7023880762507633
-0.39565622571366443