2
-0.7974887294466215 0.14739387381128188 0.34068929935794645 -0.3965882787854851
None -0.5124135203624571 -0.3688304023982856 -0.6759891670203897
3
0.4109207415018463 0.5486337641750232 -0.9126115464327889 0.3292860812996803 0.5791966809824718
0.44577632821168645 -0.21105770376898358 0.5332552097349879 -0.8634667603770654 0.6686974709200546
0.47998418919351793 -0.7173034043549138 0.2975652340297281 -0.7119742025686668 -0.8699650558963172
4
0.2547247439904521
0.09436599302038484
0.1999589193687321
0.2333092545698492