2
-0.5780365511493282 0.7126565847095305 0.027235326489970735 0.9175400775510858
0.11947492403571092 -0.4185126375071062 -0.22236160757120493 -0.10985667398837085
3
-0.30054454030110267 -0.0665921373623728 0.46724598090197356 -0.2019823856049554 0.6434701068551536
-0.5201514559690972 -0.5939544700349084 0.9624101002816223 0.8023091519666137 -0.26447499252866224
-0.33825317989918746 -0.7853909994751664 0.009267849243238091 0.685986093376393 0.744591389319514
4
0.6968563984344065
0.01983519760226682
-0.7396688543165861
0.19702827258375222