2
0.2701505534260422 -0.9290199466961278 -0.03652306042153919 -0.3834811747550999
None -0.9914084453674166 0.7719182746267645 0.6088814326518903
3
0.8356997242583095 0.30732431728417375 0.9568424823152353 -0.6890002420991261 0.5271500429403404
0.7830771887642327 0.8302831295393789 0.7525754113921517 -0.5373500508641658 0.9849800345113671
0.7278592732744029 0.3235046169120346 0.5344345068346108 -0.6440256855695379 -0.4806018625707613
4
-0.302110757500879
0.7232165938018853
-0.28455473796879693
-0.3961892575348962