2
None -0.0855864733025018 -0.8743602034015197 0.396340094900848
None -0.4885440405262509 -0.7917861452846713 0.9924478271636599
3
-0.5202458253689959 -0.0269570106610586 -0.8455154608376676 -0.24936395305115533 -0.2475606269843751
0.39632526376751875 -0.6947156091158624 0.3089307089111317 0.5433743345506388 0.23525644004204205
-0.03692686669227441 -0.20194115444347194 0.5196775802000198 -0.5063984129245263 0.6504569382773855
4
-0.6773500522365055
0.08393420144518093
0.16012602256139852
-0.29977727907652807