2
-0.06748612661239894 -0.81122871330558 -0.3694191680311274 0.8082068232448161
0.44795248118342035 -0.09934501962344 -0.49886731327692035 0.8100903830124846
3
0.6446996606709388 0.12075043413875908 0.3498107921062612 0.5058666495849615 -0.6405209514564048
0.5990947980802597 0.7161433008096931 0.8788851115885632 0.3753892119714428 0.5445826681412296
0.6143968306574756 0.2678046172940878 0.7710264563828475 0.45142929545959665 0.14033593780536213
4
0.4715801266659041
0.21338702243424557
-0.7157755363668792
0.15753819974451044