2
0.5818596676752812 0.3120324781404584 -0.8335681385376197 0.8932435196097934
None -0.3871034793785013 0.6703218822452512 -0.37779887834311454
3
-0.5961855236046034 -0.522025461694591 0.23944489094396237 -0.7644568959403415 -0.24354654052547686
0.900991081007142 -0.7745336055341749 -0.28500635226729965 0.8213797947500334 -0.014721245362048885
-0.6248126470281397 0.7859002163647462 -0.488995136460592 0.33636490305477196 0.3956692071320338
4
0.2666905067913812
0.2784026275653677
-0.552890977255357
-0.3965966274206554