2
0.44757312639924685 -0.5697791409391442 0.4465010886409395 -0.5026962659772698
None 0.7557073423307188 0.9979463531520072 -0.8835529408273899
3
0.621703261998688 -0.4985309467829544 0.32610746397045265 0.05185507329234995 -0.9257616877644217
0.6661603968055747 -0.6595374914423242 -0.2913125892845212 -0.8024279807905343 0.4033114139166345
0.9710030606972107 -0.9893401735304559 0.6940615483097716 0.7119809314215231 -0.6252215776618877
4
-0.6262449129002776
-0.2080581314914749
-0.1638059023858156
0.3197285087677262