2
-0.36174891620382943 0.02089592108131111 -0.4917143232289327 0.3362494487423866
None 0.07364398686036022 -0.20904909895994184 -0.26203271944144046
3
-0.16852707035098047 -0.2804003421342396 -0.3952921888418568 0.49218087242285646 -0.5433425672461725
-0.43436116835199523 0.5855103184862076 -0.9300561490638661 0.7568647346776349 0.9447153586665167
0.8620453952271172 -0.8083863800398143 0.5393880938306062 0.8247219189567707 0.1603570217317245
4
0.38041166272877835
0.18784044250974263
0.9243510102283128
0.5543815603935254