2
None 0.7733709280331942 -0.9721085299329639 -0.7252399858963667
-0.18553683444455715 0.9672942943214189 0.8538084523325649 0.6657780033007021
3
0.4524326399414025 0.006999199065407247 0.7496367355323128 -0.45031531430780136 0.10878224721264407
-0.751954045033159 -0.6373501980127296 0.6591919121304086 0.2151797118019334 -0.6801487552509782
-0.058791704154123714 0.5687503173740853 -0.12552157495673044 -0.5700201608647069 -0.8120955431636152
4
0.23175624993074062
0.890509111660363
0.22085515452413707
-0.26014756465612265