2
0.7773964993687092 0.3550540383903693 0.11109088615491469 -0.9385765418697205
None -0.2932913951142604 0.5640086854883273 0.2718453206149274
3
0.7818116349828887 0.7569878957662859 -0.8992547251726846 0.7670118159560391 -0.7070116819140835
0.5239250975218288 0.7540338699297378 0.6317033644870578 -0.24647871966314372 0.6356953510139192
-0.6877100450443543 0.9862525817607397 -0.344866196159787 0.002479355743961298 0.503712221726609
4
-0.33309066375361396
0.2280277084396014
-0.5959151160693452
0.4133269303311271