2
-0.11712909277173433 0.4250369592675809 0.10999727440169393 -0.6988815680930045
None -0.34815832358149135 -0.9676680209300175 -0.822891973241715
3
-0.21031802397819854 0.7382837777158942 -0.18065684150049055 0.41259004248674036 0.6173407316384374
-0.7549612090683893 0.019945331923762133 0.20009750190798425 -0.9250155134807436 0.5493007458667509
-0.7321712760901473 0.16927218707639247 0.6433057489722562 -0.8577498896559193 0.15986448043548918
4
0.8956759835812991
0.34862045751953774
0.570838815977315
0.8204697189423027