2
None -0.5241115823388294 -0.7219701301327115 -0.8435333425820113
-0.3997572949525947 0.08254410871075613 -0.7929756612244456 -0.10970911753683099
3
-0.8699725827459015 0.14947628445917593 0.8749256282437492 -0.012112358859984074 0.7571622359430497
-0.21759092961026183 -0.6957445893072121 -0.5514020076025203 0.6168453260453486 -0.1726309091914644
0.6610228405938778 0.2218420645928818 0.9864141619222275 0.13999352495945372 0.5488370386094996
4
0.21456074282753046
0.9096288907112966
0.8733982915415097
-0.5893062580526289