2
None -0.3371911650057302 -0.1973336640058705 -0.8338389636089536
None 0.11422057358597693 0.7623058647217764 -0.14409705252793392
3
-0.2393095950739097 -0.43332773235794053 0.2654374804513715 -0.21153674630997021 -0.2527341840550188
-0.7438625895153474 0.6163784709837477 0.14283444215203067 -0.17920031663335978 0.4023211066930663
0.5392485740175832 0.6711268705677036 0.5718902770106553 0.6257214078219502 0.99664753953312
4
0.44434027538161414
0.11767101575233108
0.6388686485889579
-0.45104635044557706