2
-0.05341800500591831 -0.2221806216513591 -0.46868960293383544 -0.9594097337134266
None 0.3324893703800107 -0.9350405930457601 -0.08917301676198663
3
0.04049568326296815 0.054069104050029626 -0.7649876703293657 -0.0004613804080271233 -0.44790538384848766
-0.2191420381270448 0.3153929459537057 -0.5438779466787826 -0.2646708622058844 0.6970580317314086
-0.7405626504663552 0.7340730499300647 -0.43957118367147685 0.8563170764719017 -0.4014331045041897
4
0.5832532142479017
0.6403081975440135
0.7476303699825468
0.9691086683615553