2
-0.8439867069247244 -0.6675482553185335 0.2017309149498081 0.20197258245775251
None -0.6370788001952941 -0.8201829166298331 -0.3025898048932112
3
0.8911851452809147 -0.6685021083415936 0.04563074514114285 0.6039510171542115 -0.9480924673214768
0.16025694273010505 -0.3775491188526323 0.29459501270014066 -0.6767503709748992 0.44620073748246325
0.869914327964749 0.9570652148146084 -0.3451933673796497 -0.9057184695789686 -0.034109255570485164
4
-0.828418615167928
0.17957505651828432
0.9443530614357474
0.48074788758397125