2
None 0.056310660226339904 -0.9160455758975166 -0.36273197122075596
0.7702908628293386 0.6176505425307581 0.4339584874890703 -0.14964123334335033
3
-0.6666281694857557 -0.8151962772275214 0.5564516294654638 -0.7641003278713239 0.6930789894986487
0.6278735488738114 0.2790979187624485 0.7340735964503229 0.3468625253476034 -0.8868365850702691
0.2210586264079888 0.15629391810732862 -0.6919287562255185 0.13134255296244435 -0.5154584109857447
4
0.4421125109705719
-0.3266892194424025
0.07510604770256712
0.6960011245915694