2
None 0.6890438320075789 0.016776430843308487 0.29360580093771294
-0.8216559592312533 -0.8343385069970519 0.18577326070529554 -0.8225522431491503
3
0.2867267243317586 0.6915035246353873 0.33829779729118004 -0.012020639716065595 0.2717949564514073
-0.2566254196013176 -0.8904325364362438 0.8831770015382825 0.5088537399008246 0.21889093088890554
-0.9403666399726653 0.9732484940589463 0.1367078746964865 0.464047879713414 0.44188790925472543
4
0.3472494972707374
-0.4884838065782755
-0.36568805297641416
0.765789892456447