2
None 0.22551078280974002 0.1362337395458162 0.9818377953827337
None -0.3436147598920454 0.5072171816176627 -0.19030700792346833
3
-0.44609039547858176 0.42924903578422446 0.16145410092141255 0.9719352829171863 0.17122081524416677
-0.35412427518435297 0.26536520352085313 -0.14019669872476714 -0.974737416193461 -0.7143135016575202
-0.635046861394645 0.476588051079867 -0.009602369813870748 -0.7118759731482338 0.622187046631679
4
0.6748536297783236
-0.47870351837181424
-0.8784088829352379
-0.939741854701317