2
0.7506684013158365 0.5391363251574295 0.6010116068510025 0.38140260812869453
None 0.5678466124720059 0.16564540437955388 -0.04143922393964106
3
-0.1841644105080249 -0.023176780994569546 -0.4592294435672053 -0.8008345634688234 -0.9525342637296936
-0.9480199217617264 -0.5859504246903839 0.8060337159684385 0.13660483466529394 0.7848460253201
0.8304744971103608 -0.09173991309461105 0.48279832623652075 -0.1568703177909352 -0.707470255725678
4
0.35251049728078465
-0.9877502059051733
0.09915754707447344
0.8162753250078083