2
0.9869714802691933 0.31880698442246613 0.6502627500767577 0.24902061867561365
None 0.7903486444322512 0.1679208747875256 -0.1813128769393415
3
0.7903636681520858 0.37657215816985157 -0.9517510526776733 0.6202438369931711 -0.11713580031735682
-0.18080337682826841 -0.7154651888998746 0.11427599232623176 0.2478218351729975 0.867660096902521
-0.457897260408503 -0.8124515699787482 -0.18989855544205936 -0.6141349907593172 -0.4421215554485094
4
0.7558635139377485
-0.2965179809044731
-0.5632055632486817
0.8372498793217729