2
-0.9341454328723549 -0.8904029730422436 -0.10397101953206711 0.22457322103222377
-0.109377647251095 -0.6681127624337888 0.8536169808040108 0.8494039082417051
3
0.6077753306578491 -0.8532796791201531 -0.79246791971836 -0.3316523276785115 -0.45758244074410404
-0.5475576737007999 -0.3788701867878612 0.30452542436905117 -0.8285514968185403 0.8346996412144461
-0.021756648049181537 0.2760041463911522 -0.7276440520877328 0.9627411271559267 0.8873140988429988
4
0.5283004699981233
-0.6957085674764552
0.11955924901531656
-0.17887603902515758