2
None 0.6189235839446563 0.2062268703035981 -0.3907453615673431
None 0.7354427963983399 -0.7095687872823366 0.6424262450049321
3
-0.7047053628276869 -0.4048883867736175 0.4940236232718602 -0.8650651794527136 0.7352758418765133
-0.46349178214044806 -0.5469791892209164 -0.6027098961660009 -0.2775175949941535 -0.5261808571240612
-0.43278673889717445 -0.35629683385972855 -0.5348887890790157 0.8727951307240205 -0.9803978858729272
4
0.8697904922181725
-0.17561501021463943
-0.8559374078129436
-0.6086123190311232