2
None 0.09636417793335417 0.9258641933116445 -0.7124682547218508
None -0.39477905147933323 -0.15822949136361641 0.035155101927678345
3
0.27048772369735463 0.9789000669993517 -0.7293786275633842 0.11981903952482775 -0.25984253995473283
0.5662451530447157 0.03893018581098984 0.5638697072893966 -0.774586053598739 0.910381905458687
-0.18939320557221384 0.4649740201590926 -0.5161897739543748 -0.8874111184327425 0.3922661751768737
4
0.6125243020860405
0.19451925654664537
0.4687928296538104
-0.9979029820937504