2
None 0.8433311009841233 0.1205619858647482 -0.10061618400943928
0.7163228638569246 0.5360795685381821 0.1860774435236443 0.8406138767364411
3
0.8271800162665102 -0.23789066421952443 -0.1663530446125956 0.13643155735003654 0.039469572719842416
-0.397912095470222 -0.6531625796051046 0.9448081409881217 -0.22157970518374848 0.710383377570724
-0.8122158704864064 -0.1434039495723618 0.2536620801042362 0.7126210218746876 0.7689695451401817
4
0.19052810155108846
-0.2368337120515287
0.24396168161297882
-0.35960347484054456