2
None 0.8166975781329857 -0.7963390824810308 -0.7473414069616511
None 0.8817348718896509 -0.4299958222235569 0.4681107072977364
3
0.9717394948431759 0.34206871415866735 -0.9949308353611763 -0.8491350640434807 0.29338114353227307
0.44629048740533617 -0.597931338813485 0.983894235321839 0.9408209604642512 0.8352860819958869
0.9610234349292037 0.24982598371554654 -0.6419058934547774 0.2949767587966112 0.033465223629036034
4
0.4619846132011727
0.5755451757465337
0.8279574010687185
-0.08471156976568706