2
None 0.726011327190432 0.8335873040765731 -0.20620461767804255
None -0.951565108678883 0.04669677475230771 -0.24676882609483664
3
-0.8482531609828285 -0.5743664059222626 0.535164082847053 0.6566483506749481 -0.6878486616369257
-0.3417672978091433 -0.9992830600450304 0.7435543811160332 0.6635544310468555 0.46288043501589393
-0.4998438051644738 0.9293397837211832 -0.08997517560659696 0.28720235118541404 0.2785724377039207
4
0.7667932981728731
-0.34917204177992955
0.060725567296680216
0.8297706196844719