2
None -0.30539268044438206 -0.37568407821101024 -0.044521565274412866
None 0.6790850906534882 -0.31250391931320043 -0.5326757986813406
3
-0.3365977376659641 0.8807674021136074 -0.9164795837157376 0.21235933392416806 0.17388622661573527
-0.31337359241476004 0.07787785977638917 0.8267545010253716 -0.2940768245011245 0.5347833484167803
0.06565872928406158 0.0888647020277118 -0.20607759457647035 0.32528766687123545 -0.6827322875809734
4
0.567208429213409
0.44845245614358564
0.26095149704514364
-0.7646434739260692