2
None -0.5502212138407852 -0.0590902655117449 0.5897090341791007
None -0.735058824619016 0.19595966842136536 0.07290811335023584
3
0.8661466179214281 0.9820359396656306 -0.061142025417775914 0.9527231365815603 -0.37336607739537153
0.21780264169034802 -0.20123696950817394 0.6843222413876995 0.5457925327778217 -0.8355420654669288
-0.017248063237415234 -0.22677974307492277 -0.2935322841479642 0.895716863115442 0.530073926192022
4
0.7713029596378902
-0.2050277794393831
-0.3357589735339723
0.7083400196643208