2
None 0.525838334287855 0.4002172528888288 -0.29645654478325034
None -0.0939968703439753 0.22139374118433963 0.3151901826605592
3
-0.3833084391638597 0.1992456058873664 -0.8041818056866517 -0.9358185080187096 0.6187278579050952
-0.5718481578613959 0.9878490968431874 -0.823754568330094 -0.9633324854668959 -0.7800346274617787
0.5010652047174171 0.00993372994646391 -0.8430868619067131 -0.9351075976944523 0.24756835917386133
4
0.8037909214196606
0.9813952407039652
0.42266538325988035
0.9517878778233906