2
None 0.9548916509025618 -0.94725103499784 -0.2751167718122305
None 0.05608566035367124 0.5383997655365944 0.9588885530469666
3
-0.33876435108755576 0.5172328933846586 -0.3910609610331395 0.7124935988845551 -0.7559861854276366
-0.6005801695789055 -0.24489564138415232 0.8137797700348013 0.7023431390981318 0.43842555499041636
-0.04065548532275898 0.2426110604944236 -0.2934980118153081 -0.5455073554229275 0.3994064795086756
4
-0.3408655176879696
0.2734478939642444
-0.07417831297276045
0.08599112890089877