2
None -0.8896996405696087 -0.29539345420330587 0.3442933160708439
None -0.284296086795482 0.2927033874907534 0.9173450729267825
3
0.8522740165621141 0.5169277717581373 -0.26470583129255476 -0.799136144830461 -0.8811413294185249
-0.46611687902287513 0.5446081288797584 -0.6970900727426088 -0.3623348350013782 -0.39578074534748486
0.6082118534231178 0.7652353242495789 0.012295215101314483 -0.20635428729187666 -0.3461637080457405
4
0.3907804689288481
0.34327684521972657
0.8074182337144713
0.8559150687060326