2
None 0.02228875098446159 -0.3260785643858435 0.7134286030881036
None 0.9969852111042987 -0.646701527318023 -0.17882506142510524
3
-0.9661675882302794 0.05089529291716954 -0.24414535424325545 -0.8185341104609378 -0.08030493885662549
0.36864567072105103 -0.3534701864373373 0.7067273084770418 0.5415497964340465 -0.3181427797051306
-0.7104602197384251 0.1919249242380494 0.2267652733543457 0.5986597189263021 -0.20306903458796755
4
-0.3470864569073975
0.2755273683826138
-0.4757909088459502
0.944531676139811