2
None -0.29477920199932317 -0.0011170112998479809 0.5641868347790511
None 0.5226721570171611 -0.9912924200599893 0.5682574904449766
3
-0.6215076214970117 0.8970999461986313 -0.5452241342339019 -0.5227128870530471 0.06336616348636093
-0.5811199642358007 -0.8360270502776297 0.24466022030808543 0.23459551525731714 0.8171652188974978
0.22607252567855673 0.36967674570045905 -0.039897656048296204 -0.644348873151021 -0.024339444838765267
4
0.12871801454215737
0.9180785938693747
-0.8948456756285688
-0.717086107784136