2
None 0.5577724497364338 -0.6359330046766962 -0.790344260989762
None 0.2683867483311293 0.3668145285047031 -0.18645312115918022
3
0.7596894704389539 -0.46491338187197084 -0.4067991865083156 -0.5780063033872826 -0.7951844681763942
0.06894209285560304 0.8477736121727244 0.881855703688849 0.025236660211965356 0.178312475303537
-0.8458808987998252 -0.17903863112223095 0.7866839276090813 0.2775003229681774 -0.0915149640482229
4
0.9883570828831134
0.15174921383186502
0.16170882290057742
0.9443051284811974