2
None -0.28139604456102796 -0.5432048159825986 0.6532468038981181
None -0.34761058080177465 0.3971559962790461 0.7143665475468073
3
-0.11782424300723204 -0.910504567131283 0.4867820612878926 -0.38296669337441247 -0.9845011190220532
-0.012511159719539311 -0.8103265593576792 0.5328106311296172 -0.7308320749307873 0.7361579026976275
-0.17383620977998482 -0.012180556769493478 -0.5555909939758319 0.6780263063014806 0.2859868255030298
4
-0.713670002689597
-0.7538661468452095
-0.08467680098953334
-0.8348388854924276