2
None 0.11972704298037917 0.30069627324537396 -0.635243758632076
None 0.725783069127403 -0.41088406783023124 -0.713862480875443
3
-0.5253631991346137 0.8296344125338062 0.6396799626884686 0.4853162678562788 -0.5989819456477539
-0.15951702104125065 -0.26869610476452666 0.6106580141043054 -0.07107812989321038 -0.8658538065104984
0.0998712602537295 0.7291731072740986 -0.7341502804963027 0.6312408794675011 0.6729081165984561
4
0.7207115400190456
0.44877323545025094
-0.28139158442969237
0.5140317460621675