2
None 0.8820802934412832 0.25302104904547806 0.38268666962555753
None -0.5579289443817488 0.5669781831149072 0.10832148486776316
3
-0.6399184546659016 -0.6576157993213465 0.3597656222520269 -0.4138500571935375 0.34986959310185806
-0.07630215511415672 -0.6682850663741171 0.13577022299977193 -0.7717944596301263 -0.4001143553837361
0.24870520803447782 -0.33315485360967845 -0.016809749973281773 0.31235942386491833 -0.4664280656776001
4
0.8174410969186634
0.5440268403536113
0.07954912545511927
-0.640547816347717