2
None 0.12747478622640007 0.9325320596320126 0.03279690223626086
None -0.16504989231838518 0.5574435632806682 -0.5046408213666773
3
-0.09330698855290476 -0.20777304061215585 -0.9135413125223797 0.8888475707260697 -0.9776637855827432
0.7062059171828241 0.8584369213553933 0.02278407515777192 0.1722172701637148 0.6944234458420795
0.6680281124967868 -0.6959091299566336 -0.3946503416971219 0.9836520922872531 -0.15779772345853504
4
-0.33804181641575615
0.13796388149054128
-0.36317816562040695
0.7668403572360314