2
None 0.566149973867222 0.5483255838259002 -0.7461424818482563
None -0.595413445348264 -0.5910551094068437 -0.5108826055849391
3
0.36411535188623745 0.9280353057785098 0.451032437686377 0.492639713199875 -0.27908285276665357
0.6361177627243921 0.2036434841438437 0.5171225354471991 0.8346925951802697 0.7285339127101556
0.35759951004793833 -0.26606385024192014 0.1561990065097998 -0.14404531796029452 -0.3997005059655252
4
0.4852019037237376
-0.10558836326394827
-0.7457599432665425
-0.3851039748314633