2
None 0.08111689664310417 -0.8792166070667011 -0.6339249639884474
None -0.9691430998056849 0.0029204270765252893 -0.991869409544289
3
0.7369993226297462 0.6915566216378377 0.4731423056132249 0.18539016564030764 -0.5133337824657715
0.11487707237776212 0.7135537189685541 -0.2103343270476774 -0.7486899511740073 0.5648820260215455
-0.825313819676107 -0.48919114376486195 -0.8770638859937077 0.837910258480463 0.3018884351051687
4
-0.2817134854514569
-0.4196614234681939
0.38046197702029505
0.595781649745873