2
None -0.07805544857163316 -0.7532581522031949 -0.1815735245385095
None 0.10774249802353042 -0.3757752907118883 0.506553893967044
3
-0.4762518069786481 -0.6132803934947872 -0.8777136930387652 0.8868099909539964 0.23503982315981076
0.9493992877712567 0.09562048080048591 0.7609673992402866 0.6956817881702502 0.9377514758178549
0.008299896303755272 -0.8828080620239815 -0.6190278639241207 0.7526039043653523 0.3110721685622042
4
0.8682238035280387
0.33673953976622295
0.6996755258504499
-0.727398558335919