2
None 0.6705613885309691 0.8517104750686637 -0.05559632053510555
None -0.739967332640568 -0.7591457930274736 0.6759966226177727
3
0.8620992312309239 -0.6851099640042053 -0.8171337214654628 -0.7125389045632777 -0.9682784531149562
-0.35670729970055004 0.36667901042577533 0.22220939959337072 0.808623988919106 -0.5443235521105252
0.31629027936347853 0.3904011870503743 -0.3562940795426388 0.445774912931421 -0.9916578938783427
4
0.9591542819887597
0.6849536281561421
0.14186291572801246
-0.29698771476138974