2
None -0.6790195448224301 -0.7496408723258994 0.5760267874599405
None 0.0016066620459491698 -0.35735540458810733 -0.158005205842207
3
-0.06441100036522807 -0.8739538362537085 0.4365243580547229 -0.9309139997813025 0.8890641047345282
-0.8066975466651611 0.360918236273855 -0.460026845438571 0.8624335629316779 0.5900977528101083
-0.8746072939508513 -0.04739882271599094 -0.3065467583802681 0.6219205960326153 -0.4572166200615173
4
0.333969751022716
-0.346163487225593
0.2806183834393752
-0.9682364979163822