2
None -0.49047980319543183 -0.77222935737038 -0.4975162652660685
None 0.4209545374380803 0.9580343153745419 -0.706973127343236
3
-0.4259297318784263 -0.1727575923454001 0.8537065965590769 -0.5461418845484192 0.3312224336503129
0.9120685648927604 -0.6929807432309436 0.2889959192933038 -0.1538229287402446 0.5435533685941651
0.6550663838552084 -0.8386077960403122 0.8174314673066425 -0.31899000100829134 0.27402793361479394
4
-0.26817956839948187
-0.6225556908837477
-0.46758989337698265
-0.4083009013840515