2
None -0.653435469287811 -0.00962549134338353 -0.7862460287612008
None -0.6049854947756641 0.17182488957383946 0.08148894258416783
3
0.7770681358226625 -0.27794191305842486 0.7894016633865089 -0.45738176947000597 0.8945829852512093
0.33054816682129395 0.06979193411789075 -0.6258506722206707 -0.5560212675753573 0.4525533175665335
0.9729908790456108 -0.45501912260086086 -0.6779826317506654 0.474152408469261 -0.09391443228445406
4
-0.6229076776076132
-0.8567338183092037
-0.6495042021905657
-0.4317735237597522