2
None -0.585317961150372 0.8471351930425652 -0.011661694295656222
None 0.15120326853313748 -0.9454453873219182 -0.5143261499672667
3
-0.796292655397077 0.7883983536953225 -0.35801748195422456 0.3981395203017919 -0.1282146336980352
-0.5286602661782822 -0.9307349637009321 0.3695294560904887 0.6561832701406987 -0.9748653530203293
0.0995221909890589 0.830496137799769 -0.09576492211718568 -0.7558423119022748 0.6889425802662015
4
-0.8271781840076056
-0.3598931546266735
-0.17327384204355378
-0.7455736161408435