2
None 0.7233832689980191 -0.9986769756772833 -0.13881044112057483
None 0.5224975746705485 -0.448340884940043 0.8322599198901948
3
0.33538031008516067 0.47338189187230517 0.282949970661319 -0.19353076324624263 0.06296681757517453
-0.13098226363638155 -0.3907799061985706 0.5980564847589536 -0.5244317980980804 0.18422552920238666
-0.05833818005789948 -0.0913362531173243 -0.47671481183579223 -0.6160942729359622 0.010578675934402426
4
0.24982025909889027
0.41307864014445417
0.2255156131089573
-0.33352936405702605