2
None 0.7097873766274789 0.8131904596236541 -0.6058552187444082
None 0.6081412946773479 -0.9614316815032538 -0.5851256396280815
3
-0.7862050819360973 0.4242918638880051 -0.10825358555415665 -0.19281743295668496 -0.5198202775823044
-0.31297952208624147 -0.6829910439694766 0.7841546263093513 0.6271833052953129 0.019417456408356903
-0.7572129081459089 -0.5965667681755651 0.2861839028043265 0.15103617987793938 0.9526185655425214
4
0.8058636144106404
-0.9134692609687858
0.02411884676941356
0.10119787882227715