2
None -0.9585042959473442 -0.6542471787706192 0.0003145362874434898
None 0.7641627948107315 0.7240279520038306 0.580553742874818
3
0.004266437815104052 -0.09071213855714877 -0.47793403076550334 -0.029529243054378984 0.5835415624756575
-0.5529942248305386 0.5873252877881072 -0.270887897607895 -0.762257534161251 0.46551118180079
-0.2747158805396135 -0.0708798568107869 0.6567272064543808 -0.07587164354472553 -0.6136149731477596
4
-0.578067728808336
-0.16262131662369672
-0.5347969703262294
-0.13938590586570476