2
None 0.3810641154785568 -0.04532929804370012 0.6294687754662616
None 0.3535142180040092 -0.27371852226930793 0.42657407642928424
3
0.14842806843351508 -0.96121309307283 -0.5629591456176786 -0.29194210353899286 -0.7788355759113916
0.36010595115966515 -0.203375007335995 -0.41919802802880346 -0.33138400126094947 -0.6500288914838657
0.2707716601242669 -0.46956651730923915 0.09175480385268853 0.7735057202345725 0.5707188160294467
4
-0.8483025468337526
-0.3342873416509313
0.32425576766246267
0.484386605456151