2
None -0.6403001710986089 -0.395982830457577 -0.6838521497779413
None 0.04566111189557587 -0.028025046049849456 -0.455293432879337
3
-0.8691641857210242 0.5471116542134455 0.04627666241031192 -0.03104594498852009 -0.9481086636301368
0.670767177346441 0.6376225579774508 -0.521068971403096 -0.6571883175144431 0.2271225518127924
-0.05259568779852608 -0.3310715031285505 -0.7681141233690283 -0.8264058485244123 0.6483639113712569
4
0.9036412541234684
0.3348410295077515
0.9062013492172363
-0.0605270639554043