2
-0.5756119577029062 -0.809164434422273 0.35852541658643267 0.41637001795954265
0.41420056037451713 0.8428357557705777 0.32217170884229396 0.9388253250478773
3
0.6150813377795419 -0.4323900736086679 -0.7692198096405132 0.9560327179084873 0.04872204343320208
0.19941104442088475 0.3821118066738993 0.9620365327244904 -0.872849027860914 -0.014821546817814113
0.7991978863642097 -0.6264226560816053 0.05300710334873293 -0.20720907945613543 0.8828680675204781
4
0.08041977682106194
0.7527389860834597
0.45212009764804706
0.606813008600932