2
-0.7407599431715239 -0.38937491374537503 0.15918610046611525 -0.5121095406764087
0.9074739974081141 0.08801473698997553 0.5997322979019406 -0.36608189803860514
3
0.875623683089326 0.8867966355920838 0.8681898382204354 -0.8163121738537096 -0.3442324293083707
0.9997172150985001 -0.5680769756638373 -0.6026736601949652 0.5438279685426779 0.4922660590474044
-0.6822390338986519 -0.9761044680395643 -0.14616404454694143 0.42213936126766494 0.6213592619640422
4
-0.7481898074581674
0.28723602723557473
0.4750106231246811
-0.336034485196552