2
-0.8639101314860433 -0.6275755886371572 -0.9735083294261351 0.3963533074574386
-0.8945600255835402 0.1343860987946135 0.8677782419916862 0.8257217835056501
3
0.6064375257236276 0.08096205278023216 -0.6386324339779164 0.5561189705714595 0.7883401742960376
0.46295604242382926 0.29215932392307575 -0.9053394260931089 0.4794364972980052 -0.2966471534094579
-0.06829495835881638 0.86757739343435 -0.08970522644450885 0.10548167389289587 -0.847920363250753
4
-0.8630238083073887
0.3868353651488632
-0.6723919439724086
-0.799069852838199