2
None -0.9536555662863986 -0.6883126565360689 -0.6247946935784638
None 0.15845899078910608 0.9762084564353726 0.2901912137628446
3
0.7456430868290929 -0.3231908200264677 -0.7807096090970069 -0.7693331578734195 0.4335906966649077
0.8935900213600689 0.8384389717411653 -0.622241630216495 -0.20705214690963802 -0.592509568221455
0.5451767425487795 -0.3056769516333113 -0.3925578696632994 0.5009387280355841 -0.5705562110035052
4
-0.3143400017765363
-0.8756126819225332
0.8312313050875972
-0.6343355893605216