2
None -0.40979332596247287 -0.2899262935715161 0.5278739781366864
None -0.7642793819734539 -0.32536217586457594 0.17494890538155805
3
0.5027224330159714 -0.0426600890441331 0.8738028344387871 0.8014344400940001 -0.9182765980184406
-0.26043362983494855 -0.18807748679515246 0.9898925211433165 -0.197868134855 -0.7914964602437997
0.6333538987573897 0.4019266947954889 0.14399704580872252 0.031431199151909395 -0.2992983747126541
4
0.09204505953957076
0.3197965313991866
-0.5561141650309032
0.5791280418407418