2
None 0.11698694349639194 -0.6119547480427441 0.3470774437160522
None 0.3006230193326014 0.2972399259849372 -0.9182996138219173
3
0.44529146065900127 0.5989075086793854 -0.34927555874242433 -0.24353221623255528 -0.40175240893915176
0.09360394325114152 -0.04928413178715907 -0.7600109391899557 0.16931229930813663 0.5227895291453621
0.32943742957377786 -0.7952776503419428 -0.5591785422814315 -0.9615705526442055 0.1869843770693591
4
-0.3213758488812579
0.9877952325568127
0.5494069076319785
0.3620739073745498