2
None 0.7983932780235468 -0.46076757414661884 0.22193474321302453
None -0.5077083848331407 -0.3123226732169726 -0.846179563483779
3
0.8824857446376091 0.31312779628700804 -0.9514383653642664 -0.05467411705801406 0.617983164119553
-0.31342053242011314 -0.7821974577767223 -0.7294846001918691 -0.48854271577011565 0.3640121288907905
-0.8953799314974766 0.8464092957577751 -0.20462163151451906 0.547130141830628 -0.9244113246760639
4
0.302930236109207
-0.0012470587017656687
-0.5788699166187272
0.2790110928133156