2
None -0.47250953104463544 0.8764602671432047 -0.7268362311151146
None -0.01750114279841286 -0.9122352251983461 -0.18670769260100784
3
0.4175596019842287 -0.7613050763123344 -0.5346265472865424 -0.5475820517691512 -0.07235084744622222
0.4060813937289218 -0.632574613373432 -0.5867301717354654 -0.5127070912807044 -0.4367438407384443
-0.25799727419814533 -0.1494676076749364 -0.2597529104250784 -0.3697425253580373 0.7194821470584463
4
0.9610076815409576
0.571900605092535
0.27575600456069194
-0.03337790108434335