2
None -0.5848590274271479 0.8298926001561355 0.5673919267658241
None -0.07377120280854199 -0.2597035722736043 -0.735662437446946
3
0.031982630129312906 -0.09970537527339207 0.11438602407503762 0.9314617530955427 -0.899531464628837
0.19566609755460163 -0.9852711191516759 0.011353360767873744 0.5185104270481544 0.5457210826715808
-0.5954710279140794 0.6861965822362175 0.15566454372798688 0.5846950246624012 0.27400385548041717
4
0.3816155669516821
-0.5950325681136976
0.6051131401757748
-0.9835802306161465