2
None -0.07355731758046113 0.9108187123723337 0.9901869250219295
None -0.8392689341558242 -0.06859840222903224 0.6618420607758284
3
-0.34800137379759133 -0.6477489354681563 0.7622498146375314 0.4001351816950194 0.16396822279824774
0.09141891265885271 0.24103328237080013 -0.17816119111451112 0.712128260218361 0.6038506412718987
-0.16251608143185248 0.7147641154439759 -0.6985016022227748 -0.36197025475191036 0.1836485925728184
4
0.33128737353550397
0.23958364983743863
0.72789554842315
0.7320868807270484