2
None -0.28463658126341107 -0.7566708628051337 -0.142252364074559
None -0.6293511545197914 0.11072471301533326 0.41949687059225416
3
-0.27720210267412515 -0.8891868185444383 0.3454677180996695 0.21202765763346743 -0.6648845530774627
0.2482066415246429 0.8853294371681248 0.5770348133941239 0.1723535840528796 -0.6869937985342165
0.19423055654165 0.7803897850085169 -0.40052473783969766 -0.7449410264579992 -0.14858432385895903
4
0.026789550822459818
-0.7675864575405034
0.23630433008440566
-0.648317962420895