2
None -0.40212369846380835 0.08658390100810687 -0.8434246055775225
None -0.21481402239231073 -0.2576644198039857 0.18214194238648163
3
0.22066545326005005 -0.42475520348994866 -0.6756635524696311 0.044870414523129565 -0.2927176805621592
0.2300917695006104 -0.61533774117676 0.05628592933341259 -0.27690067194713297 0.00997711294303727
-0.8216838147679901 0.11061399259199023 -0.794588326786605 -0.3607620440620072 -0.8687710661084227
4
-0.9490638211227691
0.7943748912488726
0.8044345255410676
-0.8571327478405606