2
None 0.5938362414944187 -0.5066745294786446 -0.8567802867564542
None -0.7547786696288359 -0.5127155477606351 0.8471182141326552
3
0.9404658964201231 0.6332568510193743 0.49362374068449144 0.16768489248411123 -0.6753010883994222
0.5967101106852608 0.21487700839874146 -0.875551103556695 0.9884506740994092 0.718839417353575
0.9552063172636922 0.35663156953043185 -0.9225995868761665 -0.9918942244827065 0.45481473333612965
4
0.5436244956496066
0.684695913644459
-0.463287756061755
-0.33120298111633173