2
None 0.6933380462914269 -0.2864261751300683 -0.36948886310688
None 0.011115859562532693 0.3310206838655225 0.7881158032352786
3
-0.8477583781696205 -0.20354868064017317 0.7751774774775853 -0.6959630938866226 -0.5939334680230677
0.8899477035793086 -0.15641240702622494 0.8823482708287849 0.9522050631338521 0.8931690148869504
-0.4437351025840335 0.7211936249848219 -0.0013498489961825122 0.168880078237734 -0.9701160504677115
4
-0.6467800243401369
-0.436974767454001
0.5513292994586805
0.7612728515829732