2
None -0.17715016181764542 0.9765076487222382 -0.6941244790208969
None 0.27884554960912467 0.4177899310694939 -0.06131157210654736
3
-0.27708132295773824 -0.7376434204898945 0.22028963169095261 -0.593696034681346 -0.36895891877444686
0.25710254686061473 -0.6202911499336334 0.7972125851667555 -0.016274130603520787 0.6302985966267385
-0.6934354657035118 0.8920197660768123 0.16173733289770498 -0.7290877094859933 -0.41371158034285593
4
0.3406929747567933
0.9257266356999969
0.5006279902965836
0.400066519016508