2
None 0.7108928797745202 0.42650213871325904 0.7817332796940786
None -0.5687096091256316 -0.5043933179740367 -0.6068035809061418
3
-0.4336319211496529 -0.5606588019042853 0.6388221814554462 -0.5205034403559858 0.18938634467185067
-0.5093029297858165 0.6211297972134888 0.4059715225810918 -0.7931852549419667 0.25097545786640874
0.5372885255854365 -0.5989066821440601 0.35288733044893106 0.9293595385321969 0.2940339299591699
4
-0.14573497526940482
-0.5742496442663974
0.5643632833233185
0.7684908669486514