2
-0.9068669645285623 0.12747478622640007 0.9325320596320126 0.03279690223626086
-0.0697827269239053 -0.16504989231838518 0.5574435632806682 -0.5046408213666773
3
-0.6075468901093775 -0.020313751654657652 0.44347492720093906 -0.26701285031028466 -0.4084970612088721
0.7565136247201025 -0.9788486538162482 -0.5048143860714209 -0.4055002616806622 0.4382316530704582
-0.25494345965945575 -0.47458666366628366 0.4627548552946146 -0.8452216205101224 0.3704174126300721
4
-0.33804181641575615
0.13796388149054128
-0.36317816562040695
0.7668403572360314