2
0.43760300672178265 0.12747478622640007 0.9325320596320126 0.03279690223626086
0.3770359638469212 -0.16504989231838518 0.5574435632806682 -0.5046408213666773
3
-0.16175684077620556 -0.020313751654657652 0.44347492720093906 -0.26701285031028466 -0.4084970612088721
0.6664443043233121 -0.9788486538162482 -0.5048143860714209 -0.4055002616806622 0.4382316530704582
-0.2955664062362082 -0.47458666366628366 0.4627548552946146 -0.8452216205101224 0.3704174126300721
4
-0.33804181641575615
0.13796388149054128
-0.36317816562040695
0.7668403572360314