2
0.7622899309611015 -0.017594572447277912 -0.3247456084913649 -0.5821180903651082
None 0.819225277241791 -0.8711147891648272 -0.4516096276733317
3
0.21459978004824176 -0.5726773012097912 -0.4699658777008284 -0.6181689684461069 -0.05011357585782261
-0.6010229097567603 0.9222581562119916 0.8832257653968099 -0.10959868477386259 -0.20203394015891218
-0.9171784054614203 0.06942967105513764 -0.45545194136602785 -0.06336179625060301 0.10359961055732514
4
-0.4762918328420045
-0.8193147612273681
-0.42002885195970663
-0.5475323244345311