2
0.3217713952740737 -0.017594572447277912 -0.3247456084913649 -0.5821180903651082
0.5094768522726145 0.819225277241791 -0.8711147891648272 -0.4516096276733317
3
0.7502278991564446 -0.5726773012097912 -0.4699658777008284 -0.6181689684461069 -0.05011357585782261
0.8456524996929942 0.9222581562119916 0.8832257653968099 -0.10959868477386259 -0.20203394015891218
-0.6245026260047932 0.06942967105513764 -0.45545194136602785 -0.06336179625060301 0.10359961055732514
4
-0.4762918328420045
-0.8193147612273681
-0.42002885195970663
-0.5475323244345311