2
None -0.20385113547139744 0.14331608985820887 0.4065509373797711
0.09435831281190121 -0.7773471646431278 0.7271452910336265 -0.9883212115461388
3
-0.6650620194827241 0.6682814369599712 -0.7723671313333349 -0.5376274045565308 -0.4789568216436244
-0.18239432700728342 0.6113545381180157 -0.760360749945963 -0.15578821815493527 -0.5572216939489016
-0.20724994824222542 0.8131311968879564 0.42832171254310425 -0.9480665979233927 0.24271113445569004
4
-0.7203088097972972
0.5669827507861611
-0.13233990189681255
0.5777640294684716