2
None -0.9962351969413641 -0.337029207802126 0.37673297844676923
0.5529586179577739 0.38811515626076476 0.9243526922690757 0.9239239174788376
3
0.9151018136140228 0.3172648900880346 -0.5185847346458206 -0.19696411163076055 0.346285016507613
0.6806754645115591 -0.7044530679611243 -0.5520606265554946 0.9845141506250716 0.8120244081460932
-0.20909997626290355 0.6148406043711419 -0.08271606584946567 -0.8179428261558062 0.5157929052126973
4
0.1319610730377403
0.8788319418412263
0.7892359079437776
-0.5649114822205918