2
None -0.773338982257846 -0.7260661083019133 0.40305035435254477
None 0.6979688041471701 0.2426670370223536 -0.045385679199468676
3
0.04280744068870801 -0.11513947661260548 0.2693500470171777 0.665962363121156 0.8053617959578545
0.30085022551406126 -0.502480243064612 0.8164534862580701 0.5405054110652205 -0.6545359221179403
-0.08263130732042367 0.7768609869108687 0.7878399334511212 -0.35632644449009443 0.1050052384379423
4
0.5543112577762268
-0.005757760498349196
0.07870785312824613
0.9777270661395632