2
None 0.630025380371843 -0.2595364934664648 -0.3732290422935898
None 0.48688370888116905 0.9445109393728042 0.3565639607581579
3
-0.7162403887268831 0.2898105354447338 -0.48163093895429787 -0.5168762486354739 -0.7708489599009378
-0.8785248003152712 -0.05780756184951796 0.05452342004200883 0.6071568105308853 0.1887722561697096
-0.7489149603791829 0.028381842521588485 0.14799449580618917 0.924089381975465 -0.11545323425134146
4
-0.2806716033965806
0.9100916561823951
-0.03338167304668804
0.8830480509298153