2
None 0.5992136424963643 0.09604130501410668 0.06862405072999089
None 0.9957405685871985 -0.3751047252292532 -0.5005012467105379
3
0.5768676944072075 0.5895396075640482 0.10099272384676428 0.7778353152071573 -0.7887023642068034
-0.668795018260387 -0.7061213396334534 -0.9976644733561078 0.10925347645625916 0.6390398655964689
0.6049272293475287 0.04305439491354934 0.25381301178425364 -0.5279666689649993 -0.6667839669006184
4
0.823537673988056
0.40604613695871605
-0.631517731305494
0.8185486118474987