8
None 0.46376759038355164 0.7627027461170766 0.6983213883417845 -0.69952204060341 -0.007787158175289521 0.3919974009005407
None -0.9717101747736607 0.869275332184313 -0.35416747481271127 -0.6725829149718976 0.13526753507899514 -0.02894038031674384
None -0.3799056162676848 -0.6105626976076546 0.3836070898955508 0.3343406497795205 0.24345674827770636 -0.07986810021233226
None -0.4784117859908914 -0.6935188077774355 0.8490871469224701 0.0666022341613779 -0.7204482288172069 0.830986209813178
None 0.5104899408658561 -0.20282693361834592 -0.5792536850214227 -0.17988379741269567 -0.6776799218571343 0.47028593699605414
None -0.836953485257458 0.4842350331098155 -0.3704940721156147 -0.4369846914799058 -0.6569126772239839 -0.5780015441777835
None -0.9136720925795236 0.5442767398190402 0.932046675734868 -0.6375534488732888 0.09546257388581991 -0.768470499972326
None -0.2519289413020269 0.256428670333287 -0.11980776930055725 -0.6298979319490314 -0.8169635547285934 0.9474785173594289
6
0.6909828521255839 0.9560951266131761 -0.7332563200144502 0.9485263582490424 0.56863858684742
-0.976570863821866 -0.040152270987309224 0.20360156499961524 0.6999147652598394 0.4214542156844281
-0.012323588301730304 0.7058372968240916 -0.9928542596301146 -0.7196173544394215 0.7053204691095913
-0.6194422858249411 -0.81620316796163 -0.5167355803211022 0.1455957877197651 -0.29039040982478226
-0.9982663380836756 -0.587560706629046 0.7112755537941702 -0.5420729806790481 0.8809396440024941
-0.7561880047452718 -0.3002354577055306 -0.5212679170196386 -0.5412918936899669 0.5773187683241676
4
0.2547387299555275
-0.386657626932974
0.5658584367886339
-0.03058150230051293