2
None -0.808844906878156 0.6965735828486257 0.4762431192734522
None -0.9361378357528818 -0.6089416260993277 -0.47509746729599933
3
0.8420330268908742 -0.03201173446306771 0.9096545904717572 -0.2686790651374298 -0.17406153189537976
-0.4311734658371251 0.1805162311957258 0.000649616181486401 0.3418282443662175 0.09981136524995282
0.5471803536596362 -0.045894514494164707 0.6265225498525042 -0.6966665852384997 0.8800864189177928
4
-0.36465730528682294
0.7919666157496734
0.7428238278196151
0.24035291325462538