2
None -0.3052736822365858 -0.0657808232658188 0.5960979269613549
None 0.8550186716465296 0.8833271134799754 0.9601533785768206
3
-0.6171999574012854 -0.4273154015717371 0.5215619125982836 -0.34214070555958576 0.05263268174847391
0.5718122409393798 -0.46182587576960366 0.6608317172391232 0.204018290239957 -0.44855123277576503
0.8669428532626564 0.7616772469715776 -0.645622435123596 0.8872954604316208 0.01004964317560697
4
-0.696224867101729
0.911868059091175
0.8958957801552421
-0.1332335684344923