8
None -0.642407658090387 -0.7342552875785984 0.2869006664095306 0.5739788016919747 0.22032241235667982 -0.8611900416962674
None 0.19453988622386031 -0.08041101359456282 0.0007423427330852661 -0.11368525500132631 -0.4474013295310637 0.5118228616115319
None 0.4272972374444901 -0.21348926586104167 -0.14261243525412537 -0.8459469783358402 -0.5513326110677603 -0.9056433830118629
None -0.12246688242560566 -0.0716883239831283 -0.9828381469112366 -0.9892180980786482 -0.08592423961520756 -0.7386220106551522
None -0.4343774753317593 0.9359452149534395 0.6008608498787622 -0.530211763624149 0.30927608593077105 -0.5804268666922625
None -0.4429594173874778 0.5786809209208348 -0.5147269308766615 0.28912315463066673 -0.14155158683405977 -0.39334419369802864
None -0.6497432472535603 0.761481219640922 -0.013258619599495702 0.27250162016111723 0.20837715215654806 0.6738343473180664
None 0.020073545233525225 0.9827357295507013 0.49986493666630194 -0.3314850475548703 -0.7855598447582963 -0.9080747718100686
6
-0.6518454421456554 -0.9139417707240078 0.6042509756749419 -0.3854095136088318 0.6166074619399537
-0.7208682226341274 -0.5437656845926975 -0.8339199665770172 -0.37709008727803206 0.81635787026563
0.5446370592903729 -0.9260634820739266 -0.9869833526532676 -0.6134512869658844 -0.3903683079412035
-0.7654222994450888 0.3455626350855576 0.9025243527104487 -0.8123985410248078 0.7755099983688927
0.027456390719778456 0.13182326048457216 -0.002078678870362838 -0.38465014141571063 0.4145570010501829
0.9727765096781387 -0.37381945429151897 -0.3503710877685382 0.5455422284187963 0.8921327951082252
4
0.57351135091836
-0.5013118998533961
-0.30152164445109575
0.9303446663581731