2
None 0.2640705705178885 0.6129518991632577 -0.7341601481975646
None 0.5931600423284111 -0.7838600549279848 -0.5256965231752726
3
-0.22791907991572624 -0.8194275948223986 -0.01807211082732807 0.935046047863106 -0.4077675650911474
-0.7988357990200339 -0.40518835643442186 -0.4592686062580995 0.8399269846919384 0.10927818080561646
0.17526390263411784 0.2021275846459405 -0.2071213451184275 -0.9013931953130232 -0.0009082680386494069
4
-0.733361310804516
0.16873169836258683
-0.9174344508625285
0.0067053639597924874