2
None -0.3132470980823787 -0.6388181985594867 0.1084744406126783
None -0.762893931759286 0.2548174182027976 0.7015776240772429
3
-0.16039600812628918 0.23369163123260295 0.8264145153464739 0.20694922657005166 0.5108080126922887
-0.8046907852096674 0.29462291105037086 0.3529344959771876 0.9434938350604574 -0.5343409698157928
0.47643897109157196 -0.9216004208000217 0.06846641739400217 -0.510570194161134 -0.14134061244796237
4
-0.21420756129412855
0.17647742067100136
-0.1672861207551024
-0.007243667728698222