2
None -0.22203351012808858 0.15630913295960136 0.08033569746270808
None -0.08121417033295542 0.5405824540937092 -0.5409718484696306
3
-0.5419442127836234 0.7780424222043099 0.5090793286924178 -0.4748003284087232 -0.4079096240549709
-0.35445373531703295 0.42207719279333933 0.3888916821103954 0.47506469858790834 -0.05024935758750981
-0.7306698973111225 0.5176621088795326 0.5184243335136993 -0.8650454886403005 0.9831068216464407
4
0.2520864810639032
0.35336814805771866
0.36427651241840264
0.8247650315663169