2
None -0.3314815558791573 0.14576864882395935 0.9773478843493415
None -0.6363286221894138 0.160722458319299 -0.6122130526874598
3
-0.7818328998172162 0.26652081658174254 0.9485675201635031 -0.010040890384304113 0.710434244065653
0.8923376021835114 -0.859801940801425 -0.83026473902415 0.7988460536561093 -0.5600185917351346
-0.3762182259123503 -0.5408633626246 0.6275031560081521 -0.9129761265864853 0.023882385549574447
4
0.37637851977267545
0.8429559500382382
-0.8405090419831107
0.6698434473641235