8
None 0.4527342960806058 0.6406894456864276 -0.3311476542356002 -0.0765618333337652 -0.6827797905071287 -0.3926324311182605
None -0.29496444917896025 -0.8840278268243804 -0.6534951490716749 -0.8305515023858745 0.3256352083088996 -0.5337634098200421
None 0.7207228187235004 -0.2849131293652627 -0.5041547641006641 0.5849739768835609 -0.5692903756033472 -0.8043865600458375
None -0.05083315765838492 0.7439912041701984 -0.4101270198761191 -0.3082711778884242 -0.8748800051106183 0.41547480620649524
None -0.1636814640505566 -0.3027729454745267 0.3898465181249404 -0.3396228185709924 0.4825065023241757 -0.84368926723304
None -0.382555268859591 -0.050076779227431034 0.7597596151957831 0.08522361546528745 0.2272285333481383 -0.1276944114679528
None 0.3235990740380523 0.5603330047951574 -0.8576479813881437 -0.9220226666175728 0.5881035881416452 0.303342783995429
None 0.7470144036070605 -0.16690535442707066 0.7936943726542396 0.15351861215674045 -0.5467946285030478 -0.6671433625193459
6
0.3007822654562009 0.3670676738986778 0.051828107666317846 -0.6261185853366917 0.9996650398564559
-0.24030260042444862 0.9544147772805869 0.15159747154310632 0.2963714396531021 -0.9175434752353266
-0.2607807483960989 -0.7688547935008632 -0.5826030138266509 -0.26232101534205365 0.10966787207894191
0.05092451325146441 -0.05163722206920718 0.347277340433658 0.5875349960156764 0.7839413917137021
-0.2529463484231831 -0.6329235039716221 0.4352210715166691 -0.0022963987786308593 0.5570378732830681
-0.46438306011006625 0.3135997781912623 0.7743953712066163 0.011797663114003765 -0.18471531721801493
4
-0.4707120908994742
-0.04327048728021077
0.8098747574074525
0.4878756076394999