2
None -0.6925728206629318 -0.2999323456953529 -0.14411470213466582
None -0.9426252260748982 -0.26163455396689894 -0.5930535981013865
3
0.5011441570672877 0.4698882813320384 -0.9283333845953241 0.8305867504794116 0.8339565790123977
-0.27780554766098664 -0.4374295212763726 -0.35022026812270446 0.5911728397463063 0.6687254056356342
0.32939972039461374 0.34527510851926047 -0.8275652747141657 -0.9754813845042705 -0.6392495600609001
4
-0.6472172343865783
-0.910639724617174
-0.14642792352655198
-0.19924524356246542