2
None 0.14358697537257692 -0.003988729995589191 -0.7427754352525244
None 0.3293105955237845 0.05545343033960992 0.1411154507727037
3
-0.41500130182148953 -0.6079105537781846 -0.4379116029093939 0.4889476036079523 0.1520324482357156
-0.6707684379196583 -0.7440741321904862 -0.4029207861994273 -0.04810993328051327 -0.08773142721460125
-0.3656301049239308 -0.43684508776107944 0.43409051493540507 0.8197471470528732 -0.5628465935834055
4
-0.6570698749198705
0.3308854996317132
-0.3431821847536254
0.03409699241412878