2
None -0.8684693106083954 0.6958258169712621 0.41066088059560624
None -0.1968938442770214 0.5425014558683785 -0.778870798614792
3
-0.7417158537864055 -0.5095132965746278 -0.31459331655728784 -0.9133842015671576 -0.976965540648564
-0.0999583876542034 0.8852386942207502 -0.7537223107291 -0.41519784130424786 -0.09917107123775892
-0.5639974905439338 -0.9940356303318991 -0.013561910956565004 -0.8329629573321464 0.347791041187947
4
-0.6024192160533084
-0.9258069794025059
-0.396693475308062
-0.8584259110055101