8
None -0.8034519609893971 0.9369997376503105 -0.9186576410087988 -0.9078113258420792 -0.6708571662952174 -0.16319507487159757
None 0.8371315260778727 -0.4980943031661622 -0.7328511712216632 7.317875470413959e-05 0.17076013317672012 -0.09340187511417852
None -0.48105018314499515 0.40311635905682563 0.04626442743128556 -0.9229324773179446 0.9935243187362339 0.41894552178739963
None 0.23656743766441868 -0.05437245966913906 -0.9981358430323626 0.791259701942775 -0.3921839886195131 -0.000606195782304475
None 0.5221675829498174 0.8752692600534075 -0.8111319629200751 0.4436874397197874 0.16871616615627683 -0.7496823530299803
None 0.6679814207895869 0.43290581727383226 -0.8711162083612238 0.6947255880734271 -0.20479284792956687 0.9886745862190485
None 0.27482477172791464 -0.12527051448477078 -0.3713665132907997 0.5085827368103206 0.6398166708264015 0.9822412778816381
None -0.2503837479528761 -0.9508143672177758 -0.811217852705806 -0.4927971538832743 0.5530936376943056 0.8626243423763127
6
0.8317500104492688 0.6768074270173816 0.9151855614946853 -0.07162058155698992 0.8272261667975975
-0.27877503170052065 0.3809387289169892 -0.5366859658703913 -0.7972153357463483 0.943973572195153
-0.9921666441184354 -0.7342545750807572 0.2822510294363487 0.9917298428257817 -0.11786286472759522
-0.8819415908488786 0.936260910618609 0.42081510132362987 0.5107803262766542 0.5615796120393124
-0.6457778382713504 0.20567193959846097 0.11066643439168278 0.97757903476724 0.5780405974013341
-0.07560214455130154 -0.5536320912179433 0.5665640025553647 -0.4477305793061199 -0.5216943817113302
4
-0.42016200650828495
-0.49166449228159226
0.21341879122529606
0.5472767669835958