2
None 0.45312702595139 0.02143061570845739 0.8941435551171704
None 0.4447701773544839 -0.09629423686123517 0.2412171327383148
3
0.8063695138304952 0.05835899632469199 -0.5674704904838037 0.21233906254789137 0.22294271055111148
0.08937939800428896 -0.8618411969587043 0.5655782105452363 0.9371454568013502 -0.7177839906074743
0.6654161579881197 0.6450382375801684 -0.15142598591359202 -0.3502400419199405 -0.46274044241456713
4
-0.14558848228469135
-0.3823725324060778
-0.2385130073332844
0.5610103761937597