2
None -0.2157477515638606 -0.7259431453006253 -0.02530381652149738
None 0.7628096365323416 0.0787546517446358 -0.2953499168565241
3
-0.282846167525326 -0.7653566961695801 -0.5321933185707175 0.540478387969406 0.6894830530150959
0.6712845627746735 -0.6366437083252294 0.3922665652392936 -0.9185479399945364 -0.8618080468214735
-0.4686165686796766 0.8233574764612139 -0.2685241376220342 -0.022891259682365606 -0.08788715470860886
4
0.6697716389227699
-0.6354617127482367
-0.6732330102181443
-0.013295834797356632