2
None 0.7128072907154859 -0.19898386656948897 -0.8854616344106594
None 0.9298095926797663 -0.3648846049548031 -0.8182817421364579
3
0.726369865858681 -0.3837816679456969 0.00452283517633445 -0.11618558921190258 0.26610631636534765
-0.8427431875049103 0.8451968338644325 -0.6562868594965197 0.4303384906723329 0.8690849142196477
0.9289079702990097 -0.43731776457198634 -0.5424524053385729 0.03247062912805165 0.512569599154634
4
0.23795388667295025
0.45011773882090367
-0.8699795305741629
-0.0051432850387667095