2
None -0.30654538844707435 -0.6172419337977582 -0.26324888482544484
None -0.6221575203800669 -0.14054263483335427 0.7171118550738227
3
0.5159930695927326 0.7897995776315068 0.24712178003807939 0.5774952723043587 -0.9659994763295889
0.501097564458892 0.33698951253857 -0.19394482679445457 0.514985366789914 0.3843405710225123
0.16206115557517675 0.34405956283246475 -0.39750774104957376 0.24430408261953174 -0.24213987368122747
4
0.9220245851727245
0.5505094960916812
0.8230168822688302
0.3194530700595082