8
None 0.15979485889496714 -0.9679171757328673 -0.2633047899811003 -0.4311766896033873 0.4333979419845597 0.08155831201752783
None 0.9112432566705322 0.4885866282862985 -0.5646438381842398 0.22051644005175897 -0.6321407224312949 -0.28407200325483783
None -0.3871223736220917 -0.04426905546436277 -0.338434528337217 -0.44204854988501374 -0.6451959444959829 0.14991410916249293
None -0.28732823838680543 0.36245937965205877 -0.5956402733840338 -0.6606192677551281 -0.4578461817192423 0.3669685133245517
None -0.23908820587342272 -0.40363959565295837 0.6357299203404945 -0.19483572674803873 0.974238535782256 -0.19863246462314854
None 0.9401413991734298 -0.028019807119273876 -0.06571335815213453 -0.944071413486635 0.18353434535304225 0.4172802544225116
None -0.24921978969467395 -0.8060632364550675 0.5629213674815028 -0.311038864337567 -0.6234701083202403 0.19660007159659987
None -0.29464842426244253 0.7375599011591663 0.10278166784475218 -0.35115007224978045 -0.1773807459803607 -0.00021885764368057004
6
0.9597019466106422 -0.4616806244090401 -0.7530456392878908 0.3521307857217195 0.3204657272529772
-0.0033874473380244297 0.5220517880723239 0.20254142191130886 -0.49143362485750997 0.6997145597935785
-0.5455420582307833 0.7726939521948555 0.8372714037533393 0.03149120521071258 -0.7073249270594542
0.9857638613690223 0.5694753656844567 0.1638924499955574 -0.5644302327004003 0.5585624478533089
0.5926165858990742 -0.47366135157671563 -0.9331293742144668 -0.20025708670649967 -0.75301348745201
0.33586139029781137 -0.6512950556502706 0.363799698873567 -0.3337392005799247 -0.2226102661131455
4
-0.8732969366936649
-0.12362253607422402
-0.9207975139292985
-0.9634314914936735