2
None 0.7905378239632452 -0.41811617730219264 0.6702931134278611
None 0.18324978140721715 0.677845593583569 -0.12441571080484715
3
0.6301231489022392 0.7462290716300428 -0.1513851846997385 0.12391755894296619 0.8954239382033244
-0.2687128191768233 0.9467337277162342 -0.7741245450631629 0.20862387549356542 -0.9342017519878847
0.02108054457094921 -0.6493178670472937 -0.6860468110927889 0.35213187218951725 0.8564825719039608
4
-0.051111064565679376
-0.25556000440313253
-0.37285042190587436
0.6906493084609624