2
None -0.0069883145252271905 0.5964571742466327 0.7232687556767134
None 0.1308959022092886 0.7366960012788786 -0.539026073437874
3
-0.171355987182233 0.2592855025916927 0.8239878558467393 -0.9838778425656072 -0.7188624211191741
-0.2009102933750173 0.6392668654148594 -0.40276886455414207 -0.27055142771482465 -0.14298891247254386
-0.16781702927729114 -0.8164487318856517 -0.6438050581085384 0.22275752795351522 0.6269545053380872
4
0.33814965668330976
0.6500788454637032
-0.641992588676042
-0.8595074859288376