2
None 0.6004676034250647 0.9329298663174685 0.629040028309175
None -0.8993393076850573 0.5724712609175511 -0.683258262052318
3
-0.6043330341414035 -0.278059397792463 0.9790484306236651 0.12463255315273525 -0.5123818058823539
0.07248297164759387 -0.10592733155103562 0.7850662783135309 -0.22312413217291915 -0.20572463877267277
0.37314624998202195 -0.5600708602536963 0.5387770546716302 0.718867972080365 0.803854697339144
4
0.907757043909823
-0.9084685301470792
0.8110752905293999
0.8457717274319358