2
None -0.032646132647369486 0.019176414662839036 -0.9067938650211593
None -0.2816090621896947 0.05589747772346487 -0.16286011078341156
3
-0.4755584230445964 -0.1628789050706796 0.5259558886203639 -0.11891975643078667 0.14128936066350817
0.057240904708272033 0.26754511224920563 -0.5877535007154631 0.3126548407185905 -0.045972251717305346
0.42315888110851896 0.008938476149679131 -0.8529065186628402 -0.2800728986225318 0.8360042363219415
4
0.5657979747605619
-0.25127266119753444
0.8457279677657676
-0.3444061596141925