2
None -0.18346127327153794 0.6925485183978315 -0.786334507700261
None -0.4109807242667518 -0.3062530882857313 -0.4143694773404947
3
-0.5902105746444128 -0.8534247616086159 -0.22023304777018926 -0.3146369621213103 0.7617532128679843
-0.9147516362395594 -0.8854924941987354 -0.14960308395807065 -0.02335490860506706 -0.3718672978995612
-0.7987093370156595 0.24681264032607553 -0.6069551291518918 -0.4607665953841926 0.4355735674951342
4
0.5569529579228993
0.2943016699413812
0.3656859802072181
-0.2820012654133297