2
None 0.12324936841557821 0.5079237908972165 -0.5179052128061228
None 0.24346744575926804 0.8380684592177161 0.3112956785835874
3
-0.5001002477515331 0.9799128920450182 -0.822899240295007 -0.48302895029116666 0.5076039742437795
0.2609868581522443 0.05185346727503859 -0.907662231318745 0.9722362174933943 0.4400210790360046
-0.35117946981683823 -0.9920598487095096 -0.12470427735784173 -0.492080703586421 -0.7098809870358114
4
0.07423425677025808
0.04036200036803739
0.02064583523093866
0.7902491515657029