2
None 0.22136761527440263 0.7938153623405437 0.014069385801435796
None -0.503902492494346 -0.6707690392602743 0.11709609384567576
3
-0.13643862687622876 -0.6386804099938579 -0.38570924939318263 0.7824463133405894 0.7831854791993518
-0.20452894320467063 -0.5381799823392603 -0.7257158888976363 -0.049764442441661894 0.6587332942751085
-0.9487611535860989 -0.9674267112196056 0.9029097706893905 0.18382997494444453 0.2006614012689607
4
-0.9972824569266792
-0.6924080775000494
0.4985538287699569
0.88495381167663