2
None -0.27156139998860973 0.4522199572583778 0.17972771681541588
None 0.9985368803754862 -0.6045475611999964 0.12427611484717427
3
-0.11769747361871574 -0.5064848723880875 -0.5007592925740132 0.38585128251619794 -0.9740226097828968
0.43609629083739443 -0.5212783525983551 0.7461258074835213 0.46653421301708864 0.3323016977004487
0.8041389322132786 0.3143980709051233 -0.7149389164908648 -0.04869475814866675 -0.7533219383729841
4
0.918766851680747
-0.3811687354619162
0.4613593470563482
-0.04229292909817439