8
None 0.6194359600376442 -0.009601451921495308 -0.6255804190192762 0.24274511398500587 0.46937570253143934 -0.1982027680052727
None -0.41848713473894716 -0.33372351587584936 0.6417071227066329 0.4603627872113083 0.9438621253646675 -0.5308881516760373
None 0.14195026181799442 -0.5338424913903432 0.29739897535387083 0.6830862125221484 -0.43676135564897667 0.30706006666298014
None 0.8708401961047281 0.7090884438227425 0.07043201486456874 0.7433184985146937 -0.2692476696623627 0.574821691113444
None 0.8567847013170582 -0.19640577570824092 0.35432585618167045 -0.6415924642776065 -0.12077459648267252 -0.4689346971488142
None 0.5725119727057582 -0.5354853298899271 0.8827592914140714 0.47456346952323547 0.37240514906505706 0.5200575837313863
None 0.9077205742855201 -0.4875196320883426 0.025003111788510335 0.751719832889288 -0.5023499112829972 -0.4138999285088172
None -0.2157802849049839 0.06408081139826849 0.9019926263560079 0.12842920122814938 -0.44538639745125774 -0.399577182101273
6
-0.9663642556990928 0.9545902554958825 -0.06557736982234452 0.423229927511688 0.8410748659005944
0.5361516573350693 0.821148060038478 0.8646478673047033 0.4491618118223195 -0.5734367175406816
0.5054332466490883 0.4457349747400905 -0.32720915879837165 -0.14024658022113057 -0.9374643446488045
0.44395809204635506 -0.8197086301580443 -0.7562661260680632 -0.7629169440645049 -0.15203160096131785
-0.6856764551947074 0.45365090833505883 -0.7468301057076252 0.7112263518349877 -0.6780916380610669
-0.8506018055410605 -0.01573576075405425 0.6240565520634311 0.8406357738942085 -0.6595518293880231
4
-0.5393273277382042
0.9291714241200533
0.001904758531347639
0.7965737975900029