2
None 0.32039382688416485 0.7893421476186233 -0.2658703376764806
None 0.008333264083253189 0.46745651307550773 -0.8981068183580005
3
0.36434767639703614 -0.9171741316065778 -0.9416276164583359 0.45397963691037924 -0.3601079024160194
0.028308608271754965 -0.4864101943027832 0.14283540001220096 0.5054914002954036 0.9929282583809695
-0.3367656986202199 -0.37201286941351386 0.5443294165588219 -0.8240506002294687 -0.3180260270654187
4
0.6821090579677846
-0.09776382959513374
-0.911737208556592
0.7092870687378416