2
None -0.3149509899736975 0.6158040712804864 -0.1561886252224678
None -0.637084196382818 -0.3235871899654579 -0.9424979230757016
3
0.5153354275084112 -0.7537423822598761 -0.3271274450682684 -0.9214341884078108 0.7321473051469176
-0.9219325948260446 -0.45351736753662486 0.910258785851827 0.36871292835805214 0.6666690886281046
0.24743857453705798 0.687682719205795 -0.4645895471131902 -0.3596307085331081 0.8131807687499704
4
-0.6108789168282291
-0.7916239511883731
0.9813001892157784
-0.663114926626817