2
None -0.6985975378840665 -0.4934330343252533 0.807604299899457
None -0.6426305467565936 0.882632432496889 0.04351123631697762
3
0.30038028740576705 0.07486764179731997 -0.6276243065299694 0.5686053254391497 0.7938146865303328
0.3640368012233668 0.1615848991371851 -0.019718803569189536 0.6475852453687714 -0.1644262845677793
-0.3257673406011663 -0.8349506620193821 0.24649599927911536 -0.873211582097223 0.3831818117565735
4
-0.41844399552283496
-0.3969351496472884
0.3794998463949779
-0.2549123632018593