2
None 0.54335283761182 0.7050049591060126 0.6990887001410178
None -0.8123637748652386 -0.14416397465682862 0.011616862151206053
3
-0.4832929125550265 0.9633896863474225 0.2558663110629926 0.6052550218816555 -0.032479296254079415
-0.5293995857408471 -0.3392070607441675 -0.10006503574235337 -0.5210772711481926 0.4506043863129896
0.25677261459042344 0.24293311673431495 0.7491331599148865 -0.30824442917284767 -0.39280398338601064
4
0.1472693601727062
0.9830563413187945
-0.5566329333914144
-0.6419316914086493