2
None -0.8701008001364057 -0.49490616948544464 -0.6804446418863677
None -0.6205569989615067 -0.4452407168929744 -0.7021778318272829
3
-0.7049744701174736 -0.21126221400850964 0.7844099206925872 -0.6557525017908379 0.49089922263453456
0.3585870853308051 -0.31847408704578406 -0.9004172127191246 0.3804766412061402 -0.9392901750618279
-0.6890324269394732 0.6067723255175854 0.3722474635268249 0.9164737256999165 0.06942596120801392
4
0.1004808115479352
-0.13014173582332078
0.10901554764382171
-0.5587244122083599