8
None -0.15022251413979237 -0.6590011685747443 0.6246033407912583 0.41720296171398297 -0.9467138319410457 0.5105360214908325
None 0.39674775513671356 -0.6554946377435373 0.7172014281647208 -0.7047763899745294 0.44288167737269735 -0.42373750692410095
None 0.860933222440708 -0.8450318361184936 0.6548238236811463 -0.9102080750241788 -0.09297315823014274 -0.5110792654237681
None 0.17066173458835787 -0.8264370820873674 0.392768641763523 -0.46023336174774654 -0.463965193373302 -0.04886528677116031
None -0.49829246755130163 -0.7971676787669839 -0.5594111288800745 0.25912115816812786 -0.5411237348978457 -0.4031576537260855
None -0.2598985937717804 -0.2992334017415885 -0.5049234721555724 -0.9905876353697107 -0.747157511539545 0.9318019645894204
None 0.3326051632662992 0.6422167667780778 0.8186210759663419 0.8542722399281686 -0.5872582598454836 -0.8213632904477386
None 0.36482606796044204 -0.8103968502796735 -0.5629543758431839 -0.2955476111361117 0.7211903163388977 -0.7068134818847671
6
0.4549576219616178 -0.29046892099980304 -0.2713786771054145 0.4466974068201268 -0.44507455466326507
-0.5127613112187972 -0.3656999104140435 -0.22725709368045832 0.6046148186352822 0.8853786970727107
-0.8552606954738 -0.9774830000906367 -0.8738011151857157 -0.30880666363508347 0.5040731846383264
0.7973642602122426 -0.38574562362446896 -0.2087085557938253 -0.677974595522103 -0.5038375812978044
0.7100304382543641 -0.28298455482125684 -0.2804936430043563 -0.055385412407594314 0.3974311372263355
-0.27257271651577986 -0.9806428619392002 -0.4855836514796199 -0.25686168631780215 -0.037689243150272
4
0.3072659826090478
0.9265453437205768
0.22873047504759647
0.9000193094094269