2
None 0.20886113094263314 -0.5033423423818189 0.6068853747318657
None -0.934327849237383 -0.6818466205264617 -0.7587172340037089
3
-0.5540291087705445 -0.2620140536326998 -0.7175756085763245 0.3093315338445264 -0.11425254809118401
-0.11720167951174232 0.08585096797969394 0.1562492477634474 -0.9831662259523168 -0.06979776136357718
0.13195678128513477 0.6746885488189232 0.055228771770127416 -0.5810698039677169 0.14889770333000385
4
-0.9514739964609615
0.6985276338775197
0.16043045798947309
0.032423727538095415