2
None -0.9501427019005151 0.3761174233286091 0.3956637432350836
None -0.10789869847093914 -0.8129624495348686 0.9032873247318265
3
0.7437253529949763 -0.42959595612171353 0.9556190281587029 0.8088811494189014 -0.8390263341823441
-0.7843809544140601 -0.18035646293687102 0.38221976704937033 -0.8816329117877799 0.986915537850354
-0.1503952107754254 0.8407800686809908 -0.6896445265156446 0.17062806352714732 0.1154467325030748
4
-0.8549891780207992
0.09151116514215518
0.12027270217760089
0.8758226166951364