8
None -0.5333289039291196 0.3060499574025346 0.13766447778306712 -0.10008742066678011 0.4708586298668207 -0.70438337059383
None 0.3044569204895715 0.8502764717331337 -0.3896614849602018 -0.5504318124454315 -0.3467529203254234 0.880650972909494
None -0.3232168614342652 -0.3285461788501369 0.5163574329281899 0.32662534485008465 -0.48568725796867707 0.533785387565634
None 0.23491129154167756 -0.5399702506044557 0.6370633379360446 -0.7644396954752224 0.3874675569541408 -0.7663453647042826
None -0.7871321971320366 0.36754520086674547 0.4691891208286134 -0.39561414765809433 -0.2741428367803367 -0.46391974139797854
None -0.5606039644813998 -0.6822814163365212 -0.9961220347791666 -0.13887852322129168 0.3121326942281535 -0.5428726441198533
None -0.9013917250929298 -0.1293018104715824 0.6543241427304685 -0.1907050789911604 -0.043919980409088843 -0.3186344920202131
None 0.33801621556291916 0.7881525381550198 -0.679061260966767 0.1111710880677943 -0.6590239412589254 0.36758871915659097
6
-0.8822077222169085 -0.3204429752753948 -0.05741858520619525 0.20512692038105906 0.36079939183576215
0.5723258493011543 0.5295786659949411 0.833654036451013 0.7258843062302816 0.8676874987853103
0.15080452129332578 -0.6990299084338207 -0.0380258224907668 0.6054576246351253 -0.037096550511522164
0.1302125367703275 0.1802818946635114 0.4605458503863513 -0.41767989366992486 0.9509419842651408
0.5647121030792193 -0.18066593867555336 -0.6530056703131368 0.7485541771067923 0.876682922846872
0.01799301461214098 -0.8799994548507413 0.1637206229334469 -0.29405937593459797 0.7428379980466093
4
0.645031241034884
0.7636578235692062
-0.25998268661221813
0.026596006552300544