2
None -0.2586320613688764 -0.8917991483937038 0.41224574465949626
None 0.15228662039721463 0.279574329047956 0.053993307654869316
3
0.5574505931311433 0.6754292797650483 0.1928165949796996 -0.049510999595870464 -0.004592036002188493
-0.08056564609126426 -0.691045115239433 -0.9586393257858363 0.867271765309795 -0.09665308705418396
0.2399660424423542 0.7949909847715098 0.009172619074218735 -0.35414655410680784 -0.9457296456276463
4
-0.9482735774364048
-0.8487549592946455
-0.870051095145006
-0.1660243276537996