2
None 0.05017887437599722 -0.10722063296963746 -0.516372078608119
None 0.4004507304976306 -0.6514652200107915 -0.05193232006143411
3
0.6844999835960695 -0.6789498202861604 0.491066008371444 -0.062110369173435265 -0.702589068642886
-0.13237188642429132 -0.40337371423979196 0.08752043428756573 -0.9768777471741523 0.5213002348214086
0.9770187104879291 0.5077814148577069 -0.501186824212783 0.9968123193738072 -0.7059322528488581
4
-0.6166686390506475
0.9089998969784585
0.5559417581953756
0.128800837903168