2
None -0.8554062279416312 -0.3642630612983231 -0.32951630158629497
None 0.3048259394978541 0.27738772228564557 -0.8190578445558994
3
-0.35544913102477915 0.5358384913242302 0.6816379263916139 -0.7445120163600403 -0.8926038609124967
-0.17330765660177794 -0.2195324941589869 0.2859548143242172 0.4492233641841086 -0.7651602940614273
0.14325257810877123 -0.9410493990187725 -0.7731640578229773 -0.8944065263893581 -0.575038264279224
4
0.4839141948393524
-0.6288323672828906
0.09982677477404733
0.23514083208725478