2
None 0.3828291911305808 -0.6059396522538072 -0.018958937969975498
None 0.4798462368840781 -0.5468275002774781 -0.5913123385091401
3
0.4754704903430276 0.5405121266702908 0.4381000884651136 0.9735519876191763 -0.3133250697804342
0.8450694300126214 -0.01919163286061587 0.049537350990133344 -0.5901440158643987 0.2560776776245812
-0.5707632669671316 0.10688467461860252 0.9030089742837935 -0.07986068350660624 0.5233100697965885
4
-0.9037965673361135
-0.6625820420856863
-0.8433694702232277
-0.805822459520698