2
None 0.8978565983241604 0.9772566266881899 -0.7591184195410088
None 0.33870871549217774 -0.3916969680753988 -0.26786057434947375
3
0.6707776528588436 -0.890055358049443 0.24614785403812656 -0.5162071298269624 -0.6258391319116738
0.3087329196825137 0.6528867771302549 -0.8680594916625872 0.6087871236820528 0.1891649691149937
0.40513922985142226 -0.5413972325736682 0.7868113833607129 -0.2885825165535856 -0.02380135873786604
4
0.9317453220338188
0.817583741166015
-0.5381694660663126
0.593871877050715