8
None 0.021250236686213952 0.39314018315284294 0.35639317621808786 0.08431762120632835 -0.09334626869526752 0.11297088422090762
None 0.4923784174956749 0.48151334783752775 -0.32057796664974303 0.7307105619059204 0.9435686561763197 -0.009783461059540866
None -0.2964493739260827 0.93582462841227 -0.8034947539803019 0.7289286547368103 -0.042656070707459026 0.03151136340554661
None 0.7851419181997232 0.8307157077121958 -0.909169932156068 -0.47296448895523646 -0.7803482446164802 -0.9607083409255532
None 0.4258142744085567 0.16933184589485628 0.25596299868988504 0.18209288360210474 -0.7424007161994721 0.0680320022861014
None 0.43976658188463635 -0.9495728124615286 -0.10190864619541706 -0.9583253487845189 -0.9518897062965113 -0.29716950548273324
None 0.24138930323555252 -0.2030465029919406 -0.8503148808869065 -0.9800166156799619 -0.7843069497203392 0.8062967238457661
None -0.47813055369307955 0.7005994916825276 -0.3901626650614569 0.44563879170794074 0.5268795900449867 -0.16848510123724258
6
-0.07839406652802894 0.2955016078333288 0.26069185940368467 -0.05780826303942144 -0.12005821396548444
-0.5697604978493949 -0.5991787333517484 -0.9666355084112173 -0.0487361077957984 -0.7027590800766643
0.08316578842964129 0.408516767604747 0.848414722989574 0.49748703527567617 0.7492854697524531
-0.3276036228242174 0.7292569748214632 0.36722876803822024 0.3463525187035792 0.8607444078658684
-0.3812426500989725 -0.12864513282193157 -0.6977095061714356 -0.22356363446907035 0.0027829571710094037
0.43934569545501834 -0.9868565537605218 0.8624884201414125 0.4408220203398874 -0.8882615819800506
4
0.3066973822035812
0.9697958462981475
-0.5861400739876477
0.7678844654546702