2
None 0.8154945461177812 0.6831753277156194 0.7929820571444302
None 0.5358814340375628 -0.1222591483658515 0.662076580394444
3
-0.8650768256273969 0.8672013640969214 -0.11076087787708744 -0.024274189301092486 -0.4199482179122671
-0.8981611702876027 0.38132211384737813 0.7938209526509596 0.5699774375525104 0.24973795575215307
-0.8604261015386707 0.27068657593132617 0.6455153424022173 -0.7290813836699401 0.312333998076203
4
0.16747237572325924
-0.8193275401340963
0.45984616851667215
0.9591672285984585