2
None -0.11354973759474873 -0.20913275103105633 -0.9909302308116161
None -0.12803414614195563 -0.1273786715383689 0.46564724444498484
3
-0.30103968760844735 -0.5346442134962415 -0.02553364009447634 0.4520621805993348 -0.36263411344392305
0.4857212976915133 0.1373318897484781 0.6092049502854002 0.6081022404029208 0.23444287953784593
0.5302581757323339 -0.6412855763067435 0.045166555893752625 -0.3993516813439899 -0.9336888566766524
4
0.35065821012582266
-0.08734986540337308
0.3341361631890385
-0.9332624846850897