8
None 0.5814696231176095 0.14646815933925228 0.827895832060018 0.5543647528377189 0.7230124032862895 -0.6218583522240724
None -0.610786876029809 0.9466457404403352 0.2541789108087349 -0.7677026948966039 -0.4544659465702363 0.19878582038500925
None 0.9231236655162591 -0.6348114247032555 0.9408947863757389 0.6240398477303111 0.4889483813357225 0.9761661258875431
None 0.3195828964746539 0.06807973809717738 -0.9353248339231657 -0.11407455086445761 0.3276907608638411 0.779760503096137
None 0.6774506993435729 -0.35843717796904717 0.20350453725366657 0.9477446492922483 0.272209858024983 -0.8796726185255048
None -0.6835350147666053 -0.9532999952871666 -0.15885949887625928 0.08821236374600638 -0.87101282121791 0.8035221523420368
None -0.1533854988168475 0.4131641334769167 0.5541829414071968 0.009925957671486074 0.6438278987719257 -0.5258684286464701
None 0.7071854815726881 0.7940904181258772 -0.3396050215538755 -0.876875872045491 -0.5927774761989559 0.9689567213791055
6
0.24392770364293592 -0.2645826113129357 0.7075416621898798 -0.2186744894356707 0.49536726619629534
-0.07041666598436835 -0.18535382879609408 0.48991899343425827 0.8239347380369051 0.8808115091746467
-0.5020572734696283 0.5672552204511929 -0.5156557672431017 -0.36323565952103465 -0.24979260656958724
0.7437799883330241 -0.5984373427970466 0.08128051617846177 -0.9210238767496353 0.22047149456043647
-0.5885187916329364 -0.5891110934194503 0.21859049533764474 0.7621497347256576 -0.3243529172257573
0.6742370462107936 0.4019657992671164 -0.23024644704603991 -0.11936427552815032 -0.5618168368714469
4
-0.8655961406190922
0.4931426375215744
-0.7328009421371311
0.5209358867392642