8
None -0.305189110805445 -0.17702546233588845 0.514510890600125 -0.22773531560391524 0.7449402606287103 -0.0637708220758888
None -0.7298507054560777 -0.9956337112720177 0.9040565662293065 -0.768267337759658 0.8785900364568529 -0.4699251964094926
None 0.9393296096446753 0.570804675923221 0.6518468735897636 0.2033211692118546 -0.2792210501335537 0.7714371187965743
None -0.8184530898245812 0.6691860556274032 -0.39554489418085215 0.8559063745725124 -0.8086988625445848 0.834749267333287
None 0.9476057660199311 0.5720943380382011 -0.5400046239033256 0.3669346496092458 -0.7784544500478956 0.4489140051520766
None -0.021715329171677844 0.05702375734111964 -0.4504948991866824 -0.38717547957039167 0.23318939969205443 -0.47920941581337706
None 0.5382568118487476 0.8169713389713562 0.2194688325387555 0.5150522342103858 0.9298685373844715 -0.626680463109123
None -0.11219661531224379 -0.9326364262767217 0.34692412069755885 -0.46333205001966404 0.7323767923077866 -0.72824531281746
6
0.31450157254902233 0.8739971894143543 0.42065799367397605 0.4925728443902302 0.15957006756771164
-0.4874792688721561 -0.32471216158051464 -0.9289800934794934 0.5979566857409069 -0.8303955736769475
-0.6262738182393504 0.020557076195270696 -0.12179460651656404 0.5067964806460357 0.5717154517891399
0.04214406115811964 -0.8130145248254417 -0.7900540833221774 -0.5455394594358896 -0.6103067672968183
0.5302840632635344 0.16578147525537168 0.24324707767656983 -0.8354088760341134 -0.46258428271201235
-0.6121806218888834 0.7838974160298093 0.45073627910070924 -0.5875516446830737 -0.2708574296270301
4
-0.4261655272173024
0.7323041479057264
0.7369586610060965
0.09399874141143227