2
None -0.9298145641662421 -0.8963119057923421 -0.7537753159595064
None 0.3509149417286761 0.06874461981922964 0.3875448535454089
3
-0.5324456274501643 0.3592337979044553 0.060850023831413136 0.806686317852032 -0.06265255880500953
0.796572863943293 -0.9367550657901837 -0.2835786078489275 -0.18324035264876515 -0.6027720794899807
-0.33607794070668096 0.229264001927725 -0.5446834800685951 0.052125290022273285 -0.777576293544149
4
0.21654705951403508
-0.1501862969900043
-0.8389685657829185
0.44541791441684264