2
None -0.7400519520207258 -0.5219569745107524 0.5410273340812055
None 0.6261312969850594 -0.4050380975379797 -0.4844334231109684
3
0.19511437629385608 0.17889269869354885 0.8712542752819943 0.7622336494675974 -0.4828399663438081
0.03451545278794477 -0.4432098970241025 0.9507035069372631 -0.3858149270729734 -0.38273425664415317
-0.6122800879130819 0.012473378204069574 0.9990882175767797 0.19691559936726555 -0.5943469779703354
4
0.054643067210481844
0.22068124069948158
-0.38363027702028596
-0.6864157324145088