8
None 0.9646278806902691 0.8333868430077174 -0.7063961604967264 0.10738853780680668 -0.5075009237557808 0.5076337572556571
None 0.45268291746793965 0.1674525864774632 0.026199617990450452 0.42864775513117404 0.5357124087306111 0.5785689629964443
None -0.5521704396317333 -0.019845060482321264 -0.1710602632742575 0.9265681270941242 0.5612155677357238 0.9407524197317725
None -0.3785366410911366 -0.7041783391116365 0.6556439290780791 0.33742916993843886 -0.4775714038911527 -0.3739185870465931
None -0.1631978102008491 -0.5787737234482266 0.7500744020574646 0.09102753254961038 -0.5845675486273179 0.0663248766033726
None 0.5453431226545586 -0.8059071639367583 -0.552047726405845 -0.9942457332517558 0.10796111441890055 0.9669000799067806
None -0.7435182105666396 -0.3796670761375027 -0.9515159551603787 -0.1732601086557155 0.9782689432860288 -0.8095667601162204
None 0.43842014208306557 -0.9573329152354826 0.99981438165616 -0.5159046273723251 0.21926590216803143 -0.6138584904311506
6
0.4732710995098963 -0.3352252796678301 0.3718564976596628 0.724913854747032 0.0257097886582347
-0.7682383973904543 -0.4944822811939178 0.6617512443607207 0.8615453898364418 -0.369468234346529
-0.4183681652094997 -0.5742820162842064 0.08963899566184708 0.21037526091848124 -0.7437309921877993
0.10206084602249632 0.5294181113865442 -0.5396561342783006 -0.999721696017543 -0.40734054789941165
0.6635122413498666 0.4079424491878283 -0.21217902938117894 -0.7453531669579918 0.9160625754136291
-0.836901919656154 -0.7822114791511787 0.7030259559019489 0.26199999225012327 0.8126678891341481
4
-0.8460370409809688
-0.24472587384827338
0.7157950154288437
0.05048119503465265