8
None -0.2989359136481373 -0.48315665562800136 -0.5513892270376208 -0.5613398836208838 -0.8160351901185312 0.34350736370156487
None -0.2973420520889871 -0.04908787342163423 0.3573112124663327 0.35399817665136313 -0.7859775558707238 0.5619019813079342
None -0.2561959427654108 0.0471743054932674 -0.3956299575786357 -0.5615560971327938 -0.8553800949460626 0.2218512269596271
None 0.7135743911563395 -0.7455834821964762 -0.8326234436578297 0.47069731397107595 -0.6888288103750249 -0.5026661973653908
None 0.5759801887030676 -0.5511048833052452 -0.977721018842282 0.7687426382557618 -0.026901521079334856 -0.22991475351021573
None 0.9466924424164251 -0.07046958258450653 0.18062865925225058 0.8845766036050247 -0.8278977267066354 -0.45241726759319745
None -0.2845940616012894 -0.7495627027751459 -0.7745589618783524 -0.02031331892618704 -0.22204265773071197 0.06410276419719829
None 0.4580084770153865 -0.5988113332944505 0.36355002951996584 -0.8548881243529243 0.4044024549023695 0.09404867562695718
6
-0.7173202378376791 -0.7968584053907486 0.3664018665490607 -0.7584745204878078 -0.9873868420095702
0.5980503638640935 -0.6556301343776072 -0.6899210583587112 0.20809158208403833 0.6911119600424047
0.664139738450013 -0.3606452606058701 0.6797234598135142 0.09615291061175246 0.651204023444339
0.1400655136653559 -0.8927115618431962 -0.08024775056345179 0.14852357369207425 -0.16635690827551008
0.8668487417355952 -0.149489184955242 -0.6978580499840392 -0.3225866150317249 -0.9608119549552627
-0.6679838115392094 0.5925741401766393 0.5014161471383509 -0.41247603623097495 -0.5749995531935079
4
-0.11461680402802821
0.518838737829423
0.10344573410789204
0.8808692878463051