2
None -0.5724853491783111 0.5372548321571844 -0.9386658070637655
None -0.14981886801643318 0.09831585758677264 -0.3425762023388943
3
0.5569821191808608 -0.6459741811512281 0.42752754119789627 0.6785531783252459 -0.4621144324899884
0.13751217508239422 0.5391205934512016 0.4632815709699485 0.22338255358971026 -0.018212715148693936
-0.4356276519620963 0.36754624015410164 0.12621334772888115 0.8183456663751265 -0.5764272010517029
4
0.03285907577994629
-0.38622910456827797
0.8913453626729562
0.5359075656319496