8
None -0.7927824531109733 -0.3259584748217137 -0.9578900286944849 0.6064785954604301 0.5884392389562811 0.43291757977272427
None -0.03374307677120569 -0.8666063680829159 -0.7308451139705157 -0.34316592924115885 -0.68341183228203 0.36547225920025994
None -0.26319462645147507 0.13204346550702906 0.10736141789710474 -0.8452875383825715 0.7447999991913323 0.9704775467552276
None 0.05129351848341668 0.9902627958605379 0.515219463826841 -0.1950483213637475 0.7949558131213255 -0.4670581655346866
None -0.6687385079169963 -0.683292861062101 0.21621035340224837 -0.2922555398259956 -0.7002693516540306 -0.5974886359222584
None 0.3481866041867805 -0.7205036104396343 -0.17972899880725324 0.39983787064417253 -0.15798921273438937 0.3664797910779187
None -0.6047864610388509 -0.512392891859863 -0.32992202793199166 -0.7999039141451854 -0.7107352668562168 0.0305202844815331
None -0.7080640568291787 0.26891071084571494 0.24458261273734316 -0.17910700362508192 0.44845571913418913 -0.5250068017205634
6
0.919558113312551 -0.24468850570649914 -0.7480492069601508 -0.6315349058581678 0.5583558272076843
0.7699143111938522 0.9029457043006874 -0.9025947281788516 -0.3108041714195948 0.8725804886126329
-0.9523673834779274 -0.24349412417979055 -0.2840638692371684 -0.739339585129287 -0.9349596232523796
0.43995548943540386 0.6526105415252264 -0.5046369958819104 0.8223809899233534 0.6292950173133707
0.1349243707107033 0.49383290483682263 0.08572101821808942 0.5547033044451564 -0.9784166188027834
-0.9628076115930357 -0.8273889720999208 -0.6703947612385073 -0.18556470402741732 -0.4556996273088807
4
0.4996571198068587
-0.5250447477877198
0.30377516637322577
0.5907268010370585