2
None -0.448914590886764 0.1064143437787517 0.5467274630226686
None 0.8994886079232174 0.5186012700573823 -0.8317496381629945
3
0.6218731387874052 -0.7689855192054067 -0.16025589529825557 0.5029330347979177 -0.9296414783262954
-0.6754628318245708 0.7898177291209241 -0.5599308975306141 0.2893927456164307 0.9254352144093632
0.9824548178468289 -0.34069846666164016 -0.14450749650681205 -0.7761565678023603 -0.5361653638801478
4
-0.5966913731402301
0.879489887379393
0.6467777600767461
-0.8619244854609986