2
None 0.049981320038208876 0.1532290268536769 -0.592271750128883
None 0.3328425878218222 0.48067368164827506 -0.7692076977682445
3
0.7962224595525922 0.9517980156133607 0.7264398393573299 -0.9535795233988249 0.9701809631765044
-0.2868654482246562 0.32901432264507524 0.5598037666951357 -0.5331067404506618 0.28535691445649314
0.6556795900738617 -0.3200964109884983 -0.21496565010409574 -0.7348557687353094 0.6088853325201073
4
0.1590651883987355
0.2719597563692493
-0.01028208388941243
0.5485097451277514