8
None 0.970314866538343 0.11022463014872486 0.28636314903597615 0.2820373412404118 0.01266775245930285 0.5656755782519483
None 0.8373018130663044 -0.6104897301199126 0.008257291007286005 -0.43389171649849123 0.14113115058247772 0.3702471749404601
None 0.07280938260528291 0.34511501766786057 -0.8826198547590867 0.03051612845566587 0.6262140666774438 0.25642250565182145
None -0.4508442365483698 -0.6773048424312382 -0.016494760980795053 -0.029337756300858553 0.11138672293795748 0.8935453083873226
None 0.20347855125383973 -0.008051979721595659 0.03348368636732002 -0.2929958744486325 0.7467428898152 0.5512433198515965
None -0.10787343245833325 0.06927097692421325 -0.21312650817382472 -0.8344745605788584 0.3370282764628414 0.8974441087285414
None -0.7448787954877067 0.14533152738985167 0.6562339317040169 0.8914495581541266 -0.6051315129119366 0.5775774940504355
None -0.31084524835110794 -0.7427119508412954 0.8323651498671292 0.6682039940921503 -0.7478652886494312 -0.07001225802453748
6
0.7505271289381408 -0.40691613151276496 0.3410365543806284 -0.6000997085248296 0.34836766692046583
0.23805744174668408 -0.5491146856431879 -0.01060991148611401 0.43847559407001224 0.16071230266452563
-0.58197155810443 -0.4124933812058458 0.7923959798924567 -0.3614091812768543 -0.8430385768871163
-0.07427746234299581 0.242199135185307 0.9656068553553467 -0.2998301771188603 -0.32339830078887455
-0.004830642369203719 0.6664752921464339 0.9501496614871785 0.9245813507477736 -0.72354735116211
-0.2864096515964176 0.11086348957098369 -0.4076405932743572 0.18285880978988178 0.3315523878770099
4
0.10679793035910468
-0.6622919825529165
0.9129810326789973
-0.7415529611346334