2
None 0.7283254725228652 -0.4296170121943115 -0.41850235619619025
None 0.5912336340423858 0.967592838929807 0.35073892644831384
3
-0.28781034815299233 -0.786274773676962 0.502519445500353 0.6590163612625757 0.11899920506729256
0.5576790582760305 0.3413428401912513 0.40583665973269123 0.16035975478117703 -0.9219373982031478
-0.9517074623036463 -0.12188598775691695 0.8666664355715605 -0.06146910250482307 0.29744566034652187
4
0.2677918843931797
0.8058970957033165
0.796302468287609
-0.39625112816316066