2
None -0.5289424642753926 -0.5503823146575142 0.6527801708178946
None -0.6734822245492806 0.7388921519330991 0.9248556338287641
3
0.5988330307717342 0.5961377949939732 -0.8423332665994334 0.8756525270874702 0.9274065759883277
-0.6066225221995867 0.8687509783093808 -0.010036951788874315 0.7021754631583095 -0.6347899607927632
-0.9019499661074415 0.2057181262788088 -0.4250247644380285 0.7755002308426584 -0.9300396439390766
4
-0.7225281555784542
0.7406227767665896
-0.48203215564003377
0.20574912011812008