8
None -0.5316027689256155 0.6175837057517546 0.3279245768832957 -0.9837402794714107 -0.9979259963230847 -0.258512727670291
None -0.7642243835181319 0.945764376122251 -0.1769430812265287 -0.5906807529356721 0.803599053861888 -0.5263763750225239
None -0.5782789445282885 0.007034086028844921 -0.5355704310536618 0.9043237163553843 0.3452854883372005 0.8873021461677422
None 0.9770712289083907 -0.2800467626810039 0.12009437308086524 -0.35671273712736307 -0.8278714052404956 0.027465426089373857
None -0.47300117880832415 -0.9462415180440402 -0.3673078753311132 -0.3185091400440756 0.7467102912899204 -0.032676356759691716
None 0.31479853335690144 0.5837316052676433 0.5925990586334071 -0.6823249095410473 0.47494076245776506 0.2027676662335487
None -0.030109631096324474 -0.6803147012892339 -0.2628895377336484 0.8013157990379696 0.3942215159386 -0.6730332539557442
None -0.10433626742814917 -0.9916352740077135 -0.19615643382263293 -0.5202679184410572 -0.008594040609025022 -0.4905329586770957
6
0.7575544953394664 -0.4185231724777101 0.5434205825309959 -0.046054232454024735 0.20661269908986468
-0.026249089129350534 0.3483346475628979 0.2420897900558403 0.7389453573784599 0.07654929023572121
0.769434683388595 0.914472571506395 0.8480110841780915 0.6742331971808717 0.12055489568554534
0.6606289887240706 0.8520217958225931 0.45789920484149405 -0.7108165178840418 0.8974118203935053
-0.45592461395921835 -0.4775978788787527 0.3373828970132551 -0.972503534198766 -0.5602607950660343
0.9684548159329525 -0.8389184297348931 0.10848977651857483 0.12834206317137853 0.7730942286514935
4
0.8010696319938788
0.19538535154975256
0.3561068525362807
-0.6158397845089081