2
None -0.20361083232400556 0.9220666665635273 0.24320320670868378
None -0.9290159913062592 -0.8367598831312808 -0.4807273563096972
3
0.3689305030886425 -0.3079517869740078 -0.75774082555867 0.9091210791065549 0.921873377826365
0.5612318099851621 0.9420371909378598 0.8090911773895539 -0.44105750241172403 0.7506246545438839
-0.4329987079102222 0.2644367338733731 -0.1183439319753612 -0.7046500962428583 0.7973479600050173
4
-0.3807556712994651
0.6278588297165675
0.5537687461012453
-0.13968570774407296