2
None 0.5687520333943621 0.5849241116428396 -0.7337392567733798
None -0.10492491595588627 -0.7661737232916745 0.4358251240362625
3
0.29479965352112014 0.9036207648398367 0.4008496840371716 -0.7212203258157392 -0.17272432132011883
0.6102840189297878 -0.04806896532588434 -0.16861117367295586 -0.24089230827211217 0.6677202858770961
0.59000822503256 -0.4966671438243595 0.9819498037274184 -0.29506548473418825 -0.7453177924552477
4
0.996520275776688
0.5177940570018782
-0.9320946460707309
-0.925839915895891