8
None 0.4512929019340568 -0.24309381236025773 0.38082009645193593 -0.35362114315391135 0.7557049497760939 0.12363525960071953
None -0.5815077287990595 0.4503475105285337 0.13751942490856695 0.7406386447736619 0.5766058209351859 -0.6165856267007561
None 0.14482653591256445 -0.7392269690588316 -0.806722887833434 -0.9940745334855046 -0.23183175675804413 -0.38139636307513314
None -0.5374206192054221 0.9279878385696194 0.13770672542724283 -0.1029628965815288 -0.855001944304949 -0.6915830756273893
None -0.07511661797612468 -0.16903483274207987 0.8385075695737143 0.8255002218916481 0.18814141146141705 -0.4766597154361103
None -0.3447141023454745 -0.1362155208984035 -0.7039236759329386 -0.7472780012983775 0.14095035158282476 -0.377311954250626
None 0.2768538055301435 -0.2910911645341938 -0.06531908405490672 0.5782110342915088 0.9656341352216571 0.8617612577626754
None 0.637072469835188 0.1506115149701277 -0.36636259650609904 0.5181947279772503 0.08972476427775034 0.45393081363967847
6
0.5813375993289929 0.9935136778014386 -0.33211345581187346 -0.5326215809190262 -0.6035234228601771
0.37695118726217447 -0.8817347315635207 -0.7241849265553055 -0.9485496176470471 0.5206470737004092
0.0333866707196222 -0.8600595337535413 0.37953449129631633 -0.670038068109502 0.9702598871717631
-0.8792947049059172 0.44953509803214153 0.6294832663012417 -0.6892955586717444 0.6991492478799777
-0.6694020993381617 0.7425834731799914 -0.34274535832307707 -0.1567138799448815 -0.6541262297830936
0.9647357310679208 -0.3544603959053658 -0.18632054152947974 0.9583882751345183 -0.21217707691270293
4
-0.24617206433761152
-0.21985313036328713
-0.20141408875691358
-0.32050126398747936