8
None 0.7606156313854826 -0.2817498100725453 0.70814584237302 -0.11163035411825994 -0.02601520413084346 0.11112552108346074
None 0.4645652847977457 -0.6488643686650226 0.5346590894584327 -0.06933046958490685 -0.12493330401275693 -0.32195749861280243
None 0.6643331404690005 0.33562734046497034 -0.6990275674454847 -0.3197541120801979 -0.13727060397910762 0.04856638953696368
None 0.38443994665538006 0.21495165843275643 0.42282567122636294 0.24377582650711727 0.30767466968295065 0.8064043247998551
None 0.15895151413013942 -0.5418988605981339 -0.35269526261607487 -0.7466244846407775 0.7569660770739473 -0.2202717110974346
None -0.3681969115679582 0.7449649748989382 -0.8227723766918391 -0.948365940958056 -0.9001504236783004 0.958983783770307
None -0.6704633389771248 0.3157951084934416 -0.2513532718792688 -0.48338226450997746 0.3350429267551278 0.24046788476753167
None 0.8037910383194813 0.8564430033340211 0.8678874324544692 0.3807818706048529 0.9279513094967784 -0.26071696461986504
6
-0.33264157184199994 -0.9784296912978614 0.8511760367898777 -0.8148152286797732 -0.7393831806946116
0.7311335678462216 0.3298301722858008 -0.7627422372401926 0.0395787495174853 -0.2034341105766344
0.6565876385614768 -0.416190374526054 -0.06724028823072081 -0.9102867816132691 0.8655696286131447
-0.6557245699032845 0.29349399943052035 0.3003447656360323 -0.8722301133770611 -0.49367906882024903
0.9244711834973947 -0.878501104437758 -0.4701681913703264 -0.031057790191076462 0.22152956460604245
0.6935570008446599 -0.16134953114899675 -0.5814314479684672 0.08857212019500427 -0.23352723885940785
4
0.41069560568884933
0.047296990146972195
0.24583308817334393
0.9546004380402746