2
None -0.5678318242307125 -0.7243658355474933 -0.4398692485479414
None -0.7565930403967902 0.8303808905319279 0.2157861175610567
3
-0.17589622863648513 0.5205062177469115 0.4882074094379172 -0.896020098121578 0.3444737129734139
-0.8328107335107457 0.837601895168054 0.4419539561454151 -0.5018135607498744 0.5134009739076073
-0.3491170516935378 0.3006174968754487 -0.9440553110911702 0.2490287732397003 0.845465694012637
4
0.5928116588179406
-0.012971576959298847
-0.9161529036812719
-0.3790600610742605