2
None 0.6027833043316966 -0.42337541533870393 -0.869513830566008
None -0.6271610952912268 -0.013599724219378828 -0.7451882382266035
3
0.9160417923479212 -0.7955525135287429 -0.5469924100147743 -0.8401987666096584 0.657634523761349
0.3884500299931599 -0.4009070405470909 0.6847619525534865 0.5359348017806329 0.6124337987807873
0.2536596562833846 0.5705406579894992 0.2807302152319533 -0.6738859712465333 -0.20993809893138704
4
0.6090408063770298
0.03710495345723852
0.03576043048202204
0.08327168866175172