8
None 0.8437224529429206 -0.12322505116341209 0.6281083618093386 -0.5692697886646341 -0.3415390105969047 -0.02092453910754255
None 0.7911815630447954 -0.3644523998870597 0.8250777297187752 0.6554590206572213 0.6529066500955392 0.19178734424937582
None -0.47423795945763425 0.5342056860182409 0.2603463639185086 0.7468052939813827 0.8849288735925969 -0.36637123937637006
None 0.6215938858239498 0.7349741582111438 0.20214956460786304 -0.8036308424029055 -0.2621748376186026 -0.9471430390520759
None -0.5316757596691415 0.5347823577005917 -0.16675967002372505 -0.5065094691736061 0.25502385926336824 0.7010133965648457
None -0.13472653577827787 0.1174089202915456 -0.05129843889018271 0.5621133979095629 0.9393161199503783 0.4301009672747673
None 0.08657568942083338 0.9290441316523144 0.13510578314013966 -0.2340315237142263 0.581504915990978 -0.042077190995255975
None -0.7507024500200188 -0.846702800771026 0.2843643016793971 0.9424050185116302 -0.2685522713899908 0.8200448766270749
6
0.7838735387969389 -0.016753794086097562 0.016142434788755988 -0.6998802023496558 -0.908885706257492
0.14000768460647728 0.9580154237984337 0.8132564340015385 -0.7704368139814184 0.3874153912614706
0.2057161199868316 0.8276611797499245 0.439160762039009 0.7063959197754401 -0.008299229776436379
0.8957134720115849 0.42889018539035106 -0.25444505283163 0.7251354083537789 0.4770862398984328
-0.1606606297129014 -0.2549423815265708 -0.6076130505719006 -0.12918504210172288 0.33847919042181296
-0.9700484839869412 -0.05364931839783926 -0.8222268998262439 0.937157226831399 -0.09436577685258007
4
-0.0635388261565184
0.9391225971761565
-0.6347720530372112
-0.44726457136656483