2
None 0.12829609977831136 -0.33005146948161035 0.26377771704281483
None 0.868474969139011 0.8496288146409396 0.8395830008849505
3
-0.9364690520558898 -0.3190011536316055 0.5024442493744672 -0.2552078634197299 -0.3513770929136144
0.5827434402764653 -0.13937820653076183 0.8766306513956337 -0.6423809502046185 -0.9267305383883295
-0.4198439826897171 0.8932055642790546 0.2494966810556425 0.21232312480246152 -0.9568454625160534
4
-0.9922144488741558
-0.1958456229685368
-0.20510656987098108
-0.09669174929284319