2
None -0.9337034333552896 0.5374314340139068 0.47282966887872124
None -0.5712556513531255 0.24190347385305122 -0.8543849517550672
3
-0.9387501132797977 -0.5769396937438007 0.9165867299276385 -0.5002575472748785 -0.2443979967413501
0.7349165107761473 -0.6186239295676768 -0.3848462388431586 0.35958863836872146 -0.9391439672149786
0.7285507149638473 0.4318652680506583 0.6506898228581675 -0.2507163842052853 0.9180576580272233
4
0.2762455185314481
0.2224306560006888
-0.9144796417840055
0.9790898472952192