2
None 0.27432942467653354 0.9435738560172149 -0.6265437758929993
None 0.0075919411944820325 0.20800957473506032 0.8231703197357845
3
0.19077271955891728 0.9201213801262809 0.366241556452118 0.3989982258635709 -0.8820568347093469
-0.6889501359759511 0.913695565237252 0.19828132602741344 -0.5236602993985484 0.5598295929729091
-0.11963310788136061 0.2523170913595827 -0.6735386700847186 0.8622850559134558 -0.5820565312458486
4
0.7944217033105014
0.31632119053302055
-0.7813726278077828
0.7402198120406367