2
None 0.4530876244355202 -0.5878161901465304 -0.9292956424037422
None -0.724660667568271 -0.17787112795555915 0.45346974845724985
3
0.5226490493724367 -0.2343823059095409 0.4367389382082514 -0.6848083389950927 -0.9114361552429631
-0.8525075334860617 -0.03356673946518174 -0.6915270054624241 0.255972647205855 0.8950014968356346
0.892961960057493 -0.012558793966636062 -0.6799235326760766 0.9207657444260609 -0.7660444100776032
4
-0.267777303540792
0.027903432327972766
0.6294283542426673
-0.0666363673128616