2
None -0.9024040607000348 -0.9389874766539912 0.6240416253945964
None -0.6950469810461708 0.8842078085989704 0.7728164171026797
3
-0.02230387103386522 0.47476110396400606 -0.011925788123424264 -0.08873663147225774 0.8765808362053977
-0.5656290029588205 -0.5169505263437479 -0.41541389618128277 0.08881847678338373 -0.8710360220584967
0.19598396622694292 0.5884818182392613 -0.8457989884915849 -0.46899316660820745 0.9827956651629237
4
-0.014695029868619258
0.5030406403965075
0.4433636474895395
0.2667853995035987