2
None -0.3696236266705686 -0.7939245700577089 0.4277473167981929
None 0.964689212892875 0.2685940371895019 0.9826438690054342
3
-0.13288927207369539 0.894251229554738 0.6494781900589346 0.998600128456036 -0.3661567565869661
0.7698866143827949 0.08771477958764651 0.13067752904645014 0.4747860071245227 -0.32502247632197245
-0.2286190503236165 -0.5746894022425353 -0.4319319013970888 0.10121596643932396 -0.6263718662973914
4
-0.3418765212730357
0.45681324940220436
0.9974409179165418
-0.6616195658560278