2
None -0.544457357098874 0.9120026640131766 0.927912412759426
None -0.09029810540321836 0.3617780220838396 0.07382378955598501
3
0.13091386481336142 0.5842174852460356 0.9812403548170592 0.34883566666877286 0.06028670895499966
0.8629380308023311 0.618555589802742 -0.5884459057725466 -0.10262568865787203 0.3805699806275342
0.705163003681375 0.4244494174570066 -0.6503515620072378 -0.2215651576569342 -0.19134065569359482
4
-0.960898213438578
-0.9357272509002605
-0.1262197877037976
-0.5088142285313535