2
None 0.6004022309715413 -0.6215925931062336 0.7299393334756572
None 0.3406627983570869 -0.9715971083798327 0.6413665299875773
3
0.6440192195542658 0.16684781998827236 0.21264053978067032 -0.15415537199141016 0.5271739366966286
0.4185561220377674 0.604501997492064 0.4872137493063391 0.5339419601415347 0.7700719893480852
0.9372439594997855 -0.24749221360228146 -0.5004585578546341 -0.5131602082683842 0.9973769485325896
4
0.29009912996740983
0.9646842818222927
-0.6771895545366955
-0.5656213746142178