2
None -0.23834639028677485 0.5062760043724583 0.29891367086706144
None 0.5980122237852603 0.39011223598952105 -0.023695503513239347
3
-0.5830381088929437 -0.14153718259483306 0.6191636314372169 -0.244194991823955 -0.3181008571921258
-0.28262432679288074 0.4851949905349351 -0.40949929691488496 0.0001651320245308341 0.13875627921225364
0.5256195644940493 -0.2702546081718622 -0.3453574704942115 0.15176843116635852 -0.13757328972935423
4
0.2807027646772917
-0.21991449315911948
-0.2562393008450867
0.041924193963921885