2
None -0.4742128870569362 -0.5380583915972914 -0.5407266735681067
None -0.8863379450159519 -0.4319440485983701 -0.09360496062288792
3
-0.8391439020263018 -0.39832871350839105 -0.8666735399156926 0.8618797977565404 0.030378366285959357
-0.5724522046712686 -0.7035375072390695 -0.9038373654042022 0.36646063460405665 -0.1417394045939515
0.5244816538350274 0.2726771633779894 -0.891011833178234 -0.1280135099741453 -0.4915778489788154
4
-0.769816136912564
-0.7778054919947581
-0.30559955478506384
0.9960812060720843