2
None -0.5128247172900104 0.6115167338236103 -0.25849316277362866
None 0.28652512666128493 0.256808803017887 -0.7925532461786344
3
-0.37319969469714076 -0.2599039946519828 0.32714100179399264 0.03625497436444092 -0.5431245922284598
0.24735287815777673 0.592507157682356 -0.447921545422153 0.35402944503234735 -0.022772307457831653
0.4924516825018084 -0.9705633416450781 0.9706443149911195 0.45725999571579967 0.9611866377299667
4
-0.5329602041911594
0.8539661175780386
-0.009777071813385607
0.5873696761105187