2
None -0.057353505430437046 -0.9783257934705261 0.6889781944787816
None -0.8759026192291661 0.34394608632059076 -0.3458994422760906
3
0.0275052480382032 -0.09547470906683597 -0.3301196990739015 -0.5374287222360536 -0.34292691671522335
-0.25089163042455254 -0.8692024002295484 0.1970682268796624 -0.6543112148929986 -0.5379491818585924
-0.11759452885703836 0.25489323161934263 0.03186902302523942 -0.21032349618415114 0.5358977212344374
4
0.7271112123479895
-0.2942218788658135
-0.023350497809346837
0.11497621083065845