2
None 0.145300081430082 0.5837150804870481 0.4941217760508103
None 0.8197990630555609 -0.10485949694598351 -0.05442250270451732
3
-0.8945043951257436 0.37259892095537506 0.43950946312156414 0.5787047580514777 -0.8210287709738646
-0.7739673391510467 0.058512854145273296 -0.11729544000879999 -0.32503847562358823 -0.47830639215922055
-0.12703526181250213 -0.08763812650644498 -0.9910144730953159 0.3175788137400515 -0.49656519477872085
4
0.22761638223059477
0.8338632346998738
-0.6680683575337605
0.9091950297290059