2
None -0.8625002311698173 0.13986637463900142 0.8991131927738214
None -0.09951032516139646 -0.06638256680588106 -0.3842409001232645
3
0.030976549496152472 0.29625987644744667 0.6149094950290672 0.30029406584225815 0.6218116614174847
0.378171110005715 0.9089909477529783 -0.022828192364764854 -0.36511687970016893 -0.4835373581739131
-0.5312354008370164 -0.4502455947866786 -0.24624687783203214 -0.9947013451830287 0.848181268603571
4
-0.24005028350290547
-0.38115508762561556
0.00044238626868531306
-0.49817452430013076