2
None 0.9033769980802571 0.18232288373230943 -0.41267749409229126
None 0.9844012335077656 0.4434585676038012 0.7352485916925995
3
-0.21423964367549186 0.9353002197985036 0.15946543921958356 -0.5273832531546059 0.36599892550366175
-0.6981406805869339 0.3315174078481331 0.33830047239516015 -0.005845403476373523 -0.5505951070729749
0.6465134299552773 -0.3633298878015283 0.1252828963175996 -0.9527997415722247 -0.44380169148395465
4
0.043138766290967245
-0.7140703242790907
0.17734512480518405
0.10533586796732619