8
None -0.6443281822040798 0.24739290356920351 0.9159331103266426 0.44173838321632775 -0.38743608811194274 0.26262695463064945
None -0.8363600646517404 0.02289529223561937 -0.4821847173953593 -0.32949762076139244 0.9577915063427882 0.9778739782777004
None -0.4531485882541608 0.3739957506084577 0.8369720247537049 0.7803037541405884 -0.5049115701043001 0.2642205758957472
None -0.40933516434266726 0.9095740156676326 0.1849291274666598 0.060316218676683686 0.1095213802126156 -0.5704977387856309
None 0.0016815059256904963 0.5167475683212877 -0.11329257678738291 -0.7307992892960797 -0.5641571345060381 0.3971363266736121
None 0.8997978475181132 0.9904001773501308 -0.15114298623423728 -0.47819288951695404 0.9878087086985428 0.2389763635280815
None -0.7566465409363203 -0.9549673840341886 0.15929909574372392 -0.21480465745356248 0.28028497603372227 -0.7125281032495261
None -0.8141115779249875 -0.9820155157387813 0.18807244570378723 0.8295711751036186 0.054721840137277544 0.07243264754725476
6
-0.6902478802404659 -0.03012932437849436 0.04734438158155063 0.5501102579610626 0.6406550237064748
0.9075449879822046 0.2900413109143043 0.6731920469281538 0.6820992068425349 0.5385953972191069
-0.44406940138351025 -0.41392330250977594 -0.3687853418137781 -0.6031409939795962 0.8138813173044734
-0.00681936360097235 0.8143939226870378 0.447360419239446 -0.18253279183757987 0.23502165272132292
0.06695973332169891 0.22927162119843492 -0.38003641445314673 0.00330162664095468 -0.1345567349076071
0.17328891742543573 -0.3502667458891622 -0.28123418416644475 -0.8750895566367698 0.30013986355159417
4
0.37220195469043715
0.8374182626495807
0.2506230474707798
-0.8328425982992633