8
None 0.5170013427325981 0.7456559161965206 0.9694490532388136 0.8812767600135725 -0.21805260085854328 -0.777329256082858
None 0.8538349623653054 -0.3151204568913395 -0.5842719144905271 -0.3902593334943212 -0.871389222851233 -0.3887950885662219
None 0.1884309718438235 0.8631905947611451 0.5879262015098579 0.4172477209867811 -0.6999658845847634 -0.4947541319901303
None -0.7017937037470827 -0.7800485715531167 0.967016619038084 0.5276382658735088 -0.14214989013027202 -0.9435969163730729
None 0.3866987630757275 0.11869433317929023 0.44771149846685887 0.20949938486580622 -0.47896066079423827 -0.9422122800675359
None -0.6379287473650759 -0.7587994755478429 -0.35370887679100593 0.16061382414995085 0.29916072400303295 -0.6685052944246122
None -0.7503971178680542 -0.41313176654882966 0.8421788440810796 -0.8039342829979175 -0.6349593036702761 0.22385731510740658
None -0.5953289234151209 0.19765815038951207 0.6573693227547617 0.6761347155131441 -0.7438400522939781 0.5962156898326545
6
-0.6892609271631647 -0.9057937978805948 -0.354033461869226 0.09715415809010919 -0.4539355151409892
0.6936281404907014 -0.7565922340547311 0.8262245555346737 0.885673258141215 -0.7336639959853957
0.3725263824082543 -0.04519709438415376 0.2861948764543514 0.6539343765603791 -0.6328243148493586
0.35701703383752115 0.27273829966122576 0.3694574512992177 -0.10910113107781494 0.018455227009227526
-0.8103480634040152 -0.9926430798087915 0.16507718496058899 -0.7123569228069182 -0.973161394327775
0.14351827192036093 0.49927926294098346 -0.9427131335441736 -0.488960090565431 -0.45735169358946726
4
0.5747076387429451
-0.0736139940332523
0.2520057909449065
-0.3671275451549836