8
None 0.3529038190425784 -0.639708310419048 0.18039829383466666 0.14234425420467423 0.9064801435860437 0.6253086120119677
None 0.308075838730292 0.6460348485308345 -0.8062968648484041 0.10206005183157241 -0.5542950809968488 0.17221627616883017
None 0.8281471669205265 0.4689122373073322 -0.9634027725916852 0.09295925632056345 -0.42544716521869086 -0.7309523617972196
None -0.4548242884309863 -0.13015645321211267 -0.6292446746738931 -0.02509296161520913 -0.5635887368430466 0.18432604733218838
None 0.3924929601835918 -0.02868446970747285 0.9647490314384628 -0.911834993107838 0.8298085560354422 -0.3360838372089252
None 0.07630794634179172 0.219989302584366 -0.5411665017633194 0.7546229354455578 0.6616034045822394 0.21538677593011513
None 0.9776275885699635 0.5950865420424611 -0.8627089524326725 0.5874143218387538 -0.5621862357033007 0.2417599154511385
None 0.824578610167197 0.9875637977260567 0.003491966999624063 0.3336956252762857 0.6981804900653523 -0.6813996915337868
6
-0.14845607970315755 0.39043804567145535 0.539346270315195 0.04002005156591615 0.567825678280365
-0.4433746868547437 -0.18921710283324722 -0.7800627507149456 0.44935778808452564 -0.9856211632483649
-0.006573184285547873 -0.8503421454540858 0.6494397142661952 -0.31735845167139365 0.31647774153254016
-0.7512807438712392 -0.2240677269295701 -0.9421531573181381 0.9724808991869318 0.2039063737494804
0.6257366462876761 -0.7118792228946331 -0.39236874250176834 0.20534688998728945 0.2659906265072707
0.8324150628480556 -0.8763648785202582 -0.2440386568054147 -0.5767776525079173 0.24679148049995137
4
-0.042827682279845236
0.13868589679136356
0.2355893352974101
-0.4068867483466585