8
None -0.08936023901833501 -0.6223964861833764 0.4738120774014958 -0.5512343069726489 -0.11907983786374254 -0.6059475868373554
None 0.9883044680864765 0.3471347510269007 0.9294944333166906 -0.965609889933317 0.501255832543549 -0.3747167441415007
None 0.8901808312091619 -0.040200190870155916 0.39839982595739376 0.08778860164835822 -0.5753649804960135 0.6724804403317266
None 0.2012179108572656 -0.5214113698093183 0.11710492432113195 -0.9096080872004264 0.4562062958390436 0.10324771987838477
None 0.6799407896321956 0.6461415841107072 0.5950679932189571 -0.21759632121108052 -0.2571924931796117 -0.9868018972464616
None 0.7269612157448528 -0.24770991011997578 -0.1283491595526649 -0.22711878548327658 -0.24722080650680134 -0.10151297001735782
None 0.8984326696909744 -0.5646038437589211 -0.38423280816900984 0.18397324453979857 0.26000155801080305 0.4725364510325887
None 0.7246923927777162 0.9407763370659659 0.350904992831367 0.4889729806306278 0.8320041859272709 0.3781297877670633
6
0.8219964234104871 -0.3327533552496911 0.28665485075745956 0.18734560562182212 0.25806606003402544
0.8528308296198877 -0.5080750072252824 0.31706145948394404 0.15426749498002046 -0.033004290063811004
0.36924713060647174 0.34176084550315955 0.25013869780037723 -0.3350412381841723 -0.10953231771209526
0.07871261681215569 0.8509962095417705 -0.5034008614137266 0.9613798719903024 -0.6995457266086067
-0.2024966795650318 0.9324131668829325 0.20879130315249306 -0.3730413671510462 -0.5520027067710207
-0.31207333465528486 -0.07105425579301428 0.2450490758543562 -0.3245984776653559 -0.5310478151633997
4
-0.6177395448161243
-0.6758841841362397
0.08590021422063843
-0.5894651184380726