8
None -0.564277906201125 -0.6910204064274128 -0.027378341890616387 -0.8750100431016492 -0.2719682508359984 -0.7281568158095484
None -0.21938984357501057 -0.4491781563296797 0.9352814013830266 -0.06885949464809649 -0.05717698376439406 0.9415923301719689
None 0.16915719124006157 -0.016281978804577157 0.6715499838611296 0.7922638440676608 -0.8531737178247434 0.7039005529596456
None -0.5900874845295672 0.38650755246927404 -0.3604276279082148 0.019242160808564446 0.22523782824796434 -0.16659631004985953
None -0.48133938238811247 -0.4112060957324597 0.656778247458828 -0.7844439676611221 0.10140676573390173 -0.05836962226605835
None -0.18689053947820633 0.22795151370513422 0.16484311578902333 0.930576872407177 0.3970261574186589 0.34193779313696626
None -0.48953513891371525 -0.5599683114300484 -0.1036355979164485 0.598423763630844 -0.010925792076717844 0.9854360887016174
None -0.2157200440459024 -0.46313862409982565 -0.4704897381590125 -0.5795265864024397 -0.2624063879572218 0.23301233226973728
6
0.5225752800935757 0.43821809806900935 -0.031957417012440814 0.7944450346398042 -0.6239077957825832
0.723913477117041 -0.7361698545154243 -0.10848624769315385 0.9354664166997546 0.8804066048992363
-0.8429819622240105 0.560436626935896 -0.7411967964905373 0.9063461723348822 0.4009825930988393
0.8430371027797658 -0.13164625057858093 0.30292558402948866 -0.6842987433837078 -0.18573904817966902
-0.739091228733509 0.3944517699423542 0.1074017266189502 0.5552849537932458 0.6047864295181047
0.6744235475538609 0.8161918386470541 0.9217854273776089 0.7058952337300284 -0.20237096701966206
4
0.6188597240461258
0.7893134046611954
-0.37305722774861727
0.9672501192404201