8
None 0.5739226284221461 0.9400565550678432 0.9974828280793604 0.7886288381905147 0.2978594347998651 0.786046708749673
None 0.09198411081120805 0.881102236742555 0.5754412591858404 0.1206413756639928 0.1709953822848964 0.058371603836270936
None 0.571472301032687 0.11493217891238716 0.7165816474324644 0.22161770815437865 0.8040733418124406 -0.35227301162132174
None -0.5127938071967248 -0.4033817746102566 0.9962373419965094 0.2745964760021715 0.5689038791621002 0.09091433582696196
None -0.556664473746886 -0.7860368401247275 0.23494334575133147 -0.544453259602226 0.5262664450174026 0.5978413793839452
None 0.5785053663310198 0.19876260257872302 0.08837849835645284 0.0707717503421299 -0.8745175971454389 -0.8878655642664446
None 0.640069292056686 0.3581809019085975 0.11790780705346338 0.12267249309991435 -0.4303953825500959 0.849647698639564
None 0.8981291615051838 0.7579769662381095 -0.07803353414421887 -0.4223209313502332 -0.2181255711507053 -0.22225635604963823
6
0.36338470398812306 0.652852909333357 0.8375243847107658 0.1553195295279326 -0.036610876995297525
-0.012532698697030664 0.2066627136099879 0.1631155132277331 -0.314978613010384 -0.03766838764997238
-0.8589694470739218 0.7419349125227033 -0.6665381837950299 -0.8269310079132284 -0.23555809909099645
-0.7984648159531216 -0.4917861978776472 0.056126536118712655 -0.4249363864534943 -0.7034328527804763
0.2973086577119517 -0.18347862811894333 -0.4268339276396127 0.26242859522482864 0.7611165449299466
0.35595274204822425 -0.3436182527496383 0.6496552782853733 0.21464851777727123 0.8196987449551612
4
0.662265351567636
-0.31307074358777043
-0.07052965739150441
-0.19855827236735668