8
None -0.18266148882020983 0.35427992781013407 -0.3248120498671243 -0.7322297691591679 0.5443007712263939 0.34007730131547365
None -0.888401913509625 0.877333120712138 0.6404328191346029 -0.8356203984434099 0.9043175366981431 -0.050146985448216164
None 0.3955478605618563 0.6566645789375862 -0.46815488238693703 -0.3244752772983386 0.1961150369794129 -0.6168831207916567
None 0.6186812951351286 -0.28227522475163225 0.6196226310185498 -0.3060757505372149 0.3274094111880368 0.8917718381118891
None -0.12569962226066567 0.5518952489798745 -0.5565135866696769 0.30250664851740927 0.47138424324002637 -0.7123417949223592
None -0.3718501903419207 0.9621379176946612 0.9545636909299999 0.6137118454449064 -0.8296200160850107 0.1469909107531744
None 0.950497820567608 0.49543344258819233 0.690706829423192 -0.18380901477083933 0.9635679699735584 -0.14278992689245285
None -0.7679299607348185 -0.6783180658441157 0.15467349762092275 0.029844531265061924 0.5928731178717841 0.6270162966099158
6
-0.44611530664413546 -0.5037907737610787 -0.24575425598716727 0.36130549426586955 0.5094221615045949
-0.670240514864533 -0.9402853760275305 -0.06798203882899023 -0.0015196700190895918 -0.9657769329761219
0.05145812679591577 -0.11879394001752619 -0.17939100002863584 -0.2495722094507864 -0.005584127887926504
-0.6785259859688164 -0.17645111385648726 0.40733043534446267 -0.6693158846661951 -0.11871088711087796
0.1260959704284914 0.35712515687461477 -0.4115551385591638 -0.7085623403720598 0.710953976603864
0.6534985319712676 -0.05656909378067332 -0.47846916716336474 0.805983689759382 -0.7733182413813251
4
0.23296472091023168
-0.21994044097982135
-0.4735867745376343
0.931584645756264