8
None -0.9583259647444156 0.1353615416636207 -0.5331934715779365 -0.834730563214066 0.6849549247592592 -0.8894575764851094
None 0.8274107234648347 -0.6079376921636968 0.08078681508380825 0.8253055988263873 -0.0015397299084447535 0.34801721546833075
None -0.1481191437153635 -0.6429564906138672 -0.9526105024824416 -0.40585345972568265 -0.19798878517397722 0.49369102940178067
None 0.6767531879033764 -0.9241983165223848 -0.5347431798568034 -0.8172397988682363 -0.6280231593674392 0.32946069147639956
None -0.09641278462055447 0.03750496726881347 0.9380426926066676 0.6127347822935285 0.2361953051099448 -0.5107471186192347
None -0.1583188878627535 -0.7183727988398327 -0.8060540793495128 0.8079239456058807 -0.6384912088220085 -0.15513682561020237
None -0.8049098451563943 0.9268708720673919 -0.5845004090558168 -0.37717987897939587 0.711135362109899 -0.00936356291525997
None -0.8016889979549611 -0.29868099222273137 0.09955337937682551 -0.4512794054648901 -0.5111424786410257 0.5352129786672426
6
-0.526586114278379 0.01154681731087126 0.8713470698082217 0.8851613268811911 0.9490633522835576
-0.007394786555421362 0.6063393026346895 0.32409399258817273 0.3168614058940602 0.9402782387181583
0.22088358372313732 0.662168378391041 0.8972464008069458 -0.23072527689689104 0.26155111870412107
-0.14440192870827606 0.36301958875666673 0.42503471313827146 -0.20393777061030294 0.1809397267176711
-0.9238898426659599 -0.1729879501192575 -0.09798499331140609 -0.7619278312069864 -0.6146945020580843
0.9373058548566611 0.25029018562625405 0.9368031562611092 -0.7767163836724404 0.06396978057308877
4
-0.20010747763168868
-0.6806574937084668
-0.6013811747473143
0.34200367420600286