8
None -0.10561513439019432 0.8228584546040156 -0.1819738171184624 -0.7036606483716707 0.2323707989323207 0.32489091320812524
None 0.35283963311248545 -0.1521669986035905 -0.6541025864842502 0.3826426641187657 0.8202105461423352 0.5833539066389517
None -0.1369816012636682 0.4783644546438137 -0.7425682656048547 -0.6344510664735605 0.7896099127174527 -0.07139918407139856
None -0.47041193206512055 0.3039105346011137 0.011996281441114753 0.745745325820037 -0.9997517426076303 -0.4930578299254844
None -0.19934797669170723 0.6648017607901102 0.29676392038902666 -0.26612311821278434 -0.9358971469683797 0.30505518853458424
None 0.009545551348460135 -0.35891425061143134 -0.16400763120746564 -0.05950865492829238 0.07520109273112618 0.6276301762765364
None -0.5639801967214786 0.10776019048583274 -0.09654017734117559 0.5946657621140288 -0.9325227231698727 0.06437066962760674
None -0.8300158684121737 -0.7298762225368518 -0.7703092623057761 0.8638934009490562 0.8954692768390777 -0.026496192603455704
6
0.3550345584788568 0.22193661219865324 0.4383903015299828 0.9319171051725834 0.06461922586787017
0.29982337356826516 -0.09563622702551977 0.07764095546635108 0.11384668140450649 -0.7229459018623703
0.04442496989678335 0.1838350198549139 0.012815784358491955 0.08397933103559652 0.7150609091250955
-0.3957295148566209 -0.6646200912115545 -0.1600641590877252 -0.4763636248102745 0.09781392261897315
0.4488459250058605 0.4467289617076071 0.801223285176506 -0.9040720727154843 0.3294498928980205
-0.7508703851140581 -0.02917327114162216 -0.6731472571790065 -0.9178022705726367 -0.8409801269016572
4
-0.3546480815568318
-0.2760394764276819
0.8532327198559846
-0.7326231194208768