8
None -0.45186774506555527 0.7567817584398375 0.19075436443777094 -0.1609066936718655 -0.7814062986906796 -0.9416764730466367
None -0.7304471412841462 0.4499517118253715 0.6911048248247329 0.2754197001703944 0.93747503886858 -0.20736130092274663
None -0.7818709875545056 -0.08660455641825493 0.40475481670274527 -0.9560074534819292 -0.013820340333844383 -0.4973821975099102
None 0.2791829338357281 0.4409883110726114 0.7073042303215415 -0.8101956725395545 0.1101343767614138 0.7072225661417781
None -0.31480081662509574 -0.6248547075557287 0.7599897268679146 -0.2616495863073487 -0.5973861968582979 0.9607795323864956
None -0.2399053839126779 -0.38605311563142153 0.9907038983032488 0.9929452817662465 -0.5797361874980642 -0.960695957978009
None 0.34340295700996926 0.3311513297351749 0.5171514568621156 -0.30020741871127266 0.3726798835257725 0.5493335516416686
None 0.8380465360207716 0.8647380461691574 -0.5294543689399682 0.5760071882478635 -0.4586803245623057 0.8990830487460528
6
0.33878025505157994 -0.6752600356327312 -0.02707380233423562 -0.04197063934942391 -0.46228215042253495
-0.9130972493681286 0.43905571023915857 -0.005915747448689279 0.9649294079317792 0.008812809623944373
0.32286241277637906 0.18866198709483584 0.60723604973836 0.7221133957330443 -0.93053448033657
0.03453553036292467 0.5816374603506187 0.3378709171772425 -0.3518085943895768 -0.9855833801254048
-0.7567375489764137 0.46833275651056416 0.43591661126047354 -0.9655263356516244 0.5640176615889423
0.07280640332936938 0.7291781753839768 0.646872735117886 -0.7925676382498352 -0.9067501853100961
4
0.9190903178178478
-0.20277318409193845
0.16888443475248072
0.7466530512552312