8
None 0.6098066861389375 -0.24931443091016825 -0.30125105272657526 0.7021980254427191 0.16419281216162274 0.866074186904858
None -0.034280971573262375 -0.3075231517417092 0.9313509548409231 0.13524497571065885 0.05796828305727986 0.2101176504015967
None 0.23607779908620063 0.9406632470412115 -0.18376417864699657 0.5511993188853055 -0.07114636472803659 0.6708424293252322
None 0.0857375855944964 0.499055279328495 0.5145153945761773 0.16718516406663575 -0.18388235944179487 -0.28510638136252964
None -0.8955899653344022 -0.19915435437233353 0.7238166894273632 0.031812889421676704 -0.9641499401092646 -0.11474235162608282
None -0.9457457525874577 -0.16050744027402986 -0.8803939342847478 0.2965522381707415 -0.04221081890342715 -0.0835511529842814
None 0.5845656539984778 -0.9723978617214031 0.6813377117659767 -0.9659474482743591 0.20401794763538117 -0.7681024904680209
None -0.12166572365722494 -0.383200789984097 -0.7746328492645345 0.9589019427727581 -0.24315631903017665 0.6543949054566855
6
-0.1126265345143529 -0.7123287933108129 0.15349552926867327 0.9550906799389365 0.31793936299542525
-0.614812349007198 0.03156774542864582 0.45726072315755206 0.725000839715396 0.8570878339574302
-0.3253447271506449 -0.28488844650167433 0.570581491900799 0.4781076715638162 -0.37521624159777267
0.04656032527643306 0.6995611256745049 0.15717238259861488 -0.8829717365850978 -0.14427451653485046
-0.3775227204481604 0.7832526094692422 0.6091659514424743 0.7385231414510156 -0.9899233675068906
0.7148527838934828 -0.8357401991026598 -0.3031425369556382 -0.7037342429443367 0.7586092732110854
4
0.1486732505701749
0.07395821729822627
-0.6680803192255238
0.7450027048717214