8
None 0.5214645652838741 0.6710047041993514 0.46760012314194666 0.9436568735639346 -0.9834755476518373 0.3936673120064944
None 0.6789386132697801 -0.49824012056114286 0.8281313432394022 -0.24316696734194276 0.0692123079868101 0.3572819612253435
None -0.34193810412142756 -0.21628449149871454 -0.8090355535091653 0.19732887318060865 0.4472644653460556 -0.7916104997029509
None -0.7815969340479898 0.8089376191251993 0.007369141356000641 -0.6856148745633739 -0.7033993083511116 -0.9864742260564219
None 0.08137965458954466 0.5242317880274807 0.4436559602446981 0.6841781258330806 0.10342667509699033 0.6981974469559298
None -0.8213399914828199 0.6191116213251655 0.8369406176090126 -0.683236615599945 -0.5057342633298816 0.6846804917972626
None -0.23352757486809872 -0.09109265195333949 0.2378505912854907 0.27650038302940305 -0.8445147798135875 -0.45081144424222397
None -0.1437585767035281 0.14634133291668094 0.19652227757033014 0.09993801120237333 0.21585863068034916 0.9284763217917942
6
0.7265977247137032 0.5028346652503837 0.9632285118206727 0.6283770485437781 0.5457275740478638
-0.6285126035598996 -0.41737708674825047 0.8582896780812252 0.8576133135603932 0.40217029451438613
-0.5818808043687775 -0.7587739114849825 0.6026851445395072 -0.042803547281103915 -0.24976980629528112
-0.07757207128133659 -0.19286319378995698 0.8848939841016537 -0.09964153833791056 0.1650207087351212
0.40346709047925966 0.3959291435580383 -0.9532293877045659 0.5922898377208139 0.7951792185211459
-0.6692496840103455 0.3338044892746441 -0.12895999643083278 -0.4919961466239171 0.5565776778520095
4
0.5407533701758962
0.49174218923203017
0.2665543959258534
0.9194742343161257