2
None -0.12669951604671081 -0.36922405692297944 -0.27706119247888616
-0.3857077907427908 0.046208596022780046 -0.5957278374380583 0.6651691539735238
3
-0.6068957670264064 0.8294096964648536 0.4665326538326624 0.730877916375936 -0.06721466293683265
0.034902983628893214 -0.2877722300841239 0.8146918680210442 -0.6640043191342782 0.9994694050152544
-0.394159359331423 -0.19035048618406103 -0.41543151724068417 -0.3841966188914363 -0.30745908883602624
4
-0.7294361366366942
-0.21606151745223445
0.5147336742641131
-0.29881294215024745