2
0.6793352421085375 0.11836520159372999 -0.9916346626899921 -0.289349490356392
-0.3837551166147888 -0.6853542876525045 -0.627420077446375 0.3557629026448028
3
-0.9601821027723467 -0.9465248139370945 0.9225201504507119 0.39616989489592 0.8559637037984376
0.379964689222537 -0.3410572047248257 -0.11945880559978428 0.044078884064313595 -0.7340418951374561
0.023040219690333208 0.8944369703497088 -0.02902040198621192 0.6196990452409457 0.8021879815221584
4
0.4441111900572272
0.3416075750015486
0.5668315116065301
-0.8263886361413728