2
0.4438848627685974 -0.809164434422273 0.35852541658643267 0.41637001795954265
0.17113142526119662 0.8428357557705777 0.32217170884229396 0.9388253250478773
3
-0.25465940314855606 -0.3921251385756779 -0.9747124370627358 -0.5297462966651316 0.6233027629520489
0.9078340058436283 -0.5362695513489981 -0.9602517036099105 0.05690281240345518 0.13328203972325015
0.8697228856129402 -0.27749742986871384 0.6041647232381786 -0.7411430592434258 0.5253837719444883
4
0.08041977682106194
0.7527389860834597
0.45212009764804706
0.606813008600932