2
-0.1865494142632218 -0.6275755886371572 -0.9735083294261351 0.3963533074574386
0.7037686826166665 0.1343860987946135 0.8677782419916862 0.8257217835056501
3
-0.8938608644736772 -0.09128808467519622 -0.28128481297902796 -0.8006024570292833 0.8692433481941415
-0.7621087906308845 -0.02364621693777913 -0.5903028958730137 0.614800582799262 -0.22204358077012487
-0.611085402916683 -0.797294019356884 -0.5280893559384965 -0.7638333663942884 0.7879103775220135
4
-0.8630238083073887
0.3868353651488632
-0.6723919439724086
-0.799069852838199