2
0.6613046260764497 0.6471211331669371 0.3572033898817806 -0.7617405619934767
None 0.509737790750894 -0.034636823757982826 0.8288906668135914
3
-0.23949968952406064 0.8789365886770635 -0.6639841673924427 -0.3318480890587596 -0.19935001864121138
0.20144890882468114 0.6743946797263731 -0.38661542006682303 -0.32471023614596994 0.6433956251246256
0.4075861855400895 -0.3486627867183254 -0.014738409823390919 -0.3640666161259569 0.18550765268465685
4
0.6880771713746601
0.9351351281126159
0.6779174111060029
-0.30780597970069623