2
-0.3819221041414089 -0.9131132515947189 -0.7874119945765148 0.434989204439995
-0.06757707437973481 0.031300382590847775 0.4334510796849158 0.6562288201560034
3
0.7477909298842917 0.3515848336370777 -0.3457939874265734 -0.22839213961139526 -0.4005305185084138
0.052689616620034574 -0.9393988664929809 -0.08043273938117879 0.08479434160803345 0.5648038830593736
0.309488918990215 -0.2108328448166481 -0.93426570165558 -0.12558721813424034 -0.7029275463921103
4
0.20538970574463966
0.9269124022458279
0.28919648767185424
-0.939458546373013