2
0.7718239361258359 0.028414096757692242 0.7010413283926107 0.6916878244250582
-0.10398746310581686 0.4417982153423865 0.3535152906935892 0.39271723142311976
3
-0.28644431941590587 0.8846654156587548 -0.296657411861144 0.32398894083707885 0.06255319113086144
-0.9439924941508973 0.701262946348014 -0.8586989050617342 0.5450162327244721 0.7076945895436002
0.144670835270434 0.6115649504164644 -0.5176750484554151 0.10855044923465074 0.9813000172509327
4
-0.9117676311228549
0.5135246837776644
-0.4293495837578454
0.4441439028570362