2
0.5587543426429544 0.12747478622640007 0.9325320596320126 0.03279690223626086
-0.9219148843976046 -0.16504989231838518 0.5574435632806682 -0.5046408213666773
3
-0.4030232229934756 -0.12816896838558156 0.5858114461515589 -0.7961673468976818 0.2683413631853615
0.026987765798574648 0.7056059729971145 -0.7332325688184897 -0.8625845701240724 0.37367501595174035
0.6298349326545212 0.652940003131961 0.5028403983420515 -0.6572142690974874 0.20620651147168823
4
-0.33804181641575615
0.13796388149054128
-0.36317816562040695
0.7668403572360314