2
None 0.1649898842463009 0.07116075881131723 -0.5620678330268933
None 0.43846730569373094 0.8186668088727314 0.5034166877344359
3
-0.7759060203666615 -0.8555054362506842 -0.4952825483070986 -0.14324564860376587 0.6106243815341179
0.9430861416025411 0.32735457493625764 0.6798932353981428 0.8778778947996613 0.20586050657008492
-0.7243098983377863 -0.40708766612147906 0.8020046885010554 -0.25236266644650707 0.7298528114292786
4
-0.9659539085868121
-0.0033866282739543063
0.7796338155472027
-0.4271997466640032