2
None 0.8847972811283584 -0.7880989908804381 -0.1518269362036504
None -0.06900573416565958 -0.7734696312225693 0.34132033000080697
3
0.8648367201854581 -0.13087184107978822 0.7380668750173032 -0.8512521832835969 0.10403299651830245
-0.6205517887616792 -0.30563731024500274 -0.1549862321918294 0.9117776006668321 0.3718156078742061
-0.7121301118420815 0.8510774949897237 -0.200074531062425 -0.9912801695043449 -0.049035683994548496
4
0.8163293546332715
0.5628969641500969
-0.7667551288403562
0.9470681078218306