2
None 0.7296851095363148 0.7759519841104101 0.8334616303794447
None 0.19175123467291444 -0.3101299028073814 -0.668883479419516
3
0.3483816741840309 0.19182705943110467 -0.7606258044819496 0.20383648664583376 -0.41576816656204874
-0.874073598464844 -0.8100528173161119 -0.6935510911274974 -0.7248466236875859 0.7670427389763048
0.6322601082038579 -0.8163367961612025 -0.3236480982203227 -0.7850925946841314 -0.6109461538572991
4
0.4184918205701118
-0.3672753878655617
-0.298017535974912
0.8838971223169707