2
None 0.7716686429574051 0.5964621287411092 0.7704080913140972
None 0.13008852817752437 0.07541403479148379 -0.3796178980291327
3
-0.5932413799370733 -0.8594642466565208 -0.9289658433457919 0.9958088661689273 -0.14075425374989514
-0.23846847089251666 0.33795164055745786 -0.5559590745819822 -0.27624262621980034 0.06097178962236427
-0.2396407457995282 -0.07892288428379635 0.6873603139949631 -0.7154179214343346 -0.9535489886826691
4
0.007214013509022621
-0.6227456766822845
-0.2960839895947798
0.40005314301127504