2
None 0.6697881820692535 0.571593603526054 0.5462948403780921
None 0.34094929098232085 0.972274868139092 0.8033326601150756
3
-0.17858953934734667 -0.40237991958933295 -0.36713823162153547 0.05805897009049965 0.13315485307870056
0.023716961271236903 0.06611544390317059 0.7186221022142234 -0.1264516491153853 0.38417119801657296
-0.06689905037321431 0.46477071369380085 -0.841883935956472 -0.9577170659339 0.05350433760208584
4
0.3576151390784552
-0.918523743023892
-0.27569331842891276
0.401880005058757