2
None 0.8258850427676865 -0.07574002928365409 0.9879183843510733
None -0.9444674576084668 0.7013409833333821 -0.33803824172677377
3
0.9768304204757756 -0.03662921905108063 0.6599889474594205 -0.3979589831052417 0.2515081579874472
0.7618591436249413 -0.7359529997655445 0.9655303793477699 0.051456907844954936 0.23414045023511787
-0.6087682533725287 -0.612653515970639 0.47452920226387696 -0.6491999406560394 0.34438494356656335
4
-0.8705502985029303
0.8921667346754647
0.9205954469944673
-0.7228645291779743