2
None -0.8806248975939215 0.6008442908144582 0.7029210455400883
None -0.4405525655259399 0.9514473741231599 -0.1870512830809241
3
0.1992628828821461 -0.6306490912837925 -0.8937123210651676 0.9609506433873283 -0.1633358900071329
-0.10211426701935 -0.16426827387555365 -0.903142181645513 -0.2156877068580909 -0.8822508812491454
0.8512030071530043 -0.5882201938250176 0.7576888893465028 0.7078591004987056 0.8971006129519588
4
-0.7693309493766063
-0.5334030008586417
-0.481169572589242
0.6388584976995304