2
None -0.46965683601745956 -0.2280008899259669 -0.9477233624412802
None -0.07551937678883758 0.4875711338419182 0.5556837302482511
3
0.8035354470998068 -0.3266769433580441 -0.01943678655980796 0.10648185445739555 0.015404959270596263
0.24537217295815883 -0.4230656529987329 0.5335264549481276 0.4677401179187821 -0.7675992790290513
0.5468507476219315 0.8716840418716418 -0.02587706446843363 -0.035284074289885226 -0.5209885651043296
4
-0.9405424987989304
0.5698237515135447
0.04558520773635699
-0.5109943090511271