2
None -0.8496171094749654 -0.3631195677403902 -0.21701873086864443
None 0.14857788429784802 -0.4521643507027189 0.2824643939339544
3
-0.7662623024247481 -0.3654303712529816 0.08885175914710786 -0.9321132024433689 0.745669639221582
0.26878998803361087 0.004293608770080448 0.03201355618159751 -0.7989395212682018 0.9180316550824064
0.6795187552093096 0.7827183820560946 -0.8965301508285055 -0.6096381188545288 0.6451304822580832
4
-0.13366564503582046
0.41149337791813556
-0.5563636957049822
-0.6410650487240486