2
None -0.6024949867098659 0.2954080475186429 -0.9909611944332497
None -0.5226357693352566 0.649235324849621 0.10313225814749227
3
0.08096110170210058 0.28199997566525714 0.13122421356544267 0.2566846704110828 0.22635447443055434
-0.4221963932543218 0.8415322422839782 0.9011330652935627 -0.050508975188958916 -0.11730004357705304
0.49415406035415566 0.4691613287350951 -0.48088366968057517 0.8698554890682473 0.6081777350549147
4
-0.10375687868424466
0.6302439570242786
-0.4999736191197708
-0.7346896185740031