2
None 0.7670162783353094 -0.6298780799658528 0.9985929568195533
None 0.5109236174701666 -0.7226743518711667 0.6797649583262819
3
0.06659799003468025 0.6326857497609983 0.3389129516049951 -0.5272333837754282 0.8063000105030467
0.9233939569768741 0.644714092846268 0.7857170445960602 0.8577280375357481 0.16764111540299043
-0.6075836898736657 0.1930892036400329 -0.7770776792920957 0.9802767065783848 0.9805492128750255
4
-0.10955500474635715
-0.3912227465397884
0.5761929906202183
-0.7460092924463688