2
None 0.5498730757272672 -0.7350858207519892 0.8768367558437815
None -0.8254363791823816 0.3721358871639504 0.6589274119707367
3
0.8610761378012064 -0.9332129546133767 0.8644553519170621 -0.7456758958303427 -0.5569329566715395
-0.3034411260372307 0.6111478361277793 -0.6283769854061971 0.21557897698952933 0.5725425587349227
0.23948785221673918 0.6309642384073475 -0.4672361402910037 0.15227000713825078 -0.44221830881826674
4
0.31331638326040867
0.2254716587121297
0.5042734519940206
0.28230343551323855