2
None -0.0033432747744184255 0.15980486020323958 0.6219865065662604
None 0.11060641890258505 -0.9733487857073593 0.5921387469789572
3
-0.07382304212924296 -0.7758871668554608 -0.33293958467241436 -0.5744286921825137 -0.3632822125429169
-0.9834347506526053 0.6741046437611651 -0.32074590473074127 -0.5013540546472399 0.06112424431950925
0.47348122381329216 0.5133152158696541 -0.9508502400952199 -0.03938101056257537 0.012365228202704914
4
0.10261254872487413
-0.4882924247539502
0.1799537511531557
0.4004441785819446