2
None -0.5085456171282006 -0.9942122648921212 0.42607234212837675
None 0.9580906891454715 0.282103818049267 -0.5023363355917698
3
0.8161957892983789 0.01321908612539846 -0.9927373620504731 -0.6578858557395055 -0.5705820681274392
0.2213547029400751 0.4682995648557531 0.21104604365800017 -0.32365271078748425 0.524206462565997
0.8556431404159659 -0.9338116098073539 0.46507789852206005 0.4778243550313468 0.029320220169592792
4
0.3641135969421698
0.36133152505959276
0.7765346081953151
0.5510102395788368