2
None -0.9281143521095427 0.7490843721600613 0.31433003879929644
None 0.1485535825302695 -0.8259644073997576 0.9700575869551196
3
0.4700310089010755 -0.3749357206968047 -0.07399840302866578 0.6540095551995084 -0.3510526317209177
0.05828488052663183 -0.1269841127900817 -0.5347020849971771 -0.07496002717750971 -0.21082041544483254
0.7943000137974843 0.4029185206657562 0.36744971672541094 0.8649711216074252 0.26739179045929085
4
-0.979739278182014
-0.052258339736121595
-0.7642841269990361
-0.19701305968319627