2
None 0.31351155683676857 -0.7661999120294356 0.6976532000024471
None 0.9131970883241096 0.8444623711771881 -0.6565045011591835
3
-0.39793682796003393 -0.7518667298792712 -0.19989142501042245 -0.607199731562464 0.6374920369702537
-0.7699661397780819 0.8727521807942766 -0.8973972813143947 -0.10839649390748374 -0.7815652187953936
0.14058191792856278 -0.2981982414637847 -0.6012892762140676 0.3288355757066068 0.09414058552253368
4
-0.1893511339289422
0.479391327191266
0.8360333704536012
-0.11504685999297659