2
None 0.6004732478377115 0.8583856577743489 -0.5288930943195971
None 0.9517400332105581 -0.7726321554713267 0.46003378055955957
3
-0.9201548676939943 -0.7881226082600228 0.4365139512767926 0.5414603696728959 -0.520360364053527
0.2535192743484149 -0.8483729811017571 0.9515366201964057 -0.9420816867232185 -0.15759389359683063
0.5673059510956857 0.24965618288309832 -0.7153438536423453 -0.6957686051900622 0.9570340097900161
4
-0.24637379348641053
0.07206668308869357
0.5590051703554746
-0.27308070810822516