2
None -0.6426427330165303 0.37722679235660483 -0.9020352915312699
None 0.7310766232522374 0.8706465348025483 -0.8094563656554445
3
0.17612285395401295 0.8754231530028853 -0.48387191679951824 -0.598109071663459 -0.5064576215806356
-0.9974304588629719 -0.5221089985826546 -0.49755514374757426 0.22683136141429894 -0.011019357414336461
0.9335030997425113 -0.5319316361445556 0.9657876955523208 0.049175135564454964 0.9432169567025781
4
0.8692566453893249
0.9068470620421896
0.5623479006842784
-0.7590905341320253