2
None -0.5274709555359118 -0.41330686674270534 0.6867225750525545
None -0.5889845341673106 -0.07596320918259569 -0.9913968835857516
3
-0.516266030963171 0.5980849967491364 0.3584749565291234 -0.2690932040215752 0.8485040954788434
-0.6003059212954411 -0.8354717752634624 -0.1934410582225805 0.4568896312999102 0.7836858168287026
-0.9018526899602894 -0.8839269257577671 0.1955896793715215 -0.9765684041143772 -0.3819338457956305
4
0.6124014528872317
0.2173499186920782
0.8204956506424494
0.13028796217608263