2
None 0.8101938079490567 -0.36508043394111467 0.5246703267774875
None -0.7751003022829297 -0.43403977999145926 0.18554053204172472
3
0.10694010977937074 0.3772681029757785 0.48672790788370546 0.8957543393067839 0.3333537274833285
-0.16365035910579273 0.6995025357533333 -0.025235287497631154 0.9737776728480902 -0.4077340722811049
-0.4980682564402965 -0.944561181470926 -0.9959749067337786 0.663462129973523 -0.6998649729831772
4
-0.5723569407896318
0.3942123347172324
-0.772534672699505
-0.41172826880952407