2
None 0.1510916927875896 0.5717153131385211 0.6788398094944683
None 0.18146929092758302 0.5523255763296204 -0.2778657398874975
3
-0.4688099016932694 -0.8493077728109764 0.02041254768501788 0.7584523748449166 -0.4261273704816686
-0.3098979229675236 -0.9121109258701967 0.3990869313972196 0.19386965957721936 0.11983240158851083
0.453962682049607 -0.7496858656048389 -0.509847801408881 0.23923722201133057 0.4030313027336927
4
0.3767496839334319
-0.40177143764885037
0.7688864268190452
0.5082878052462105