2
None -0.2007744227896 0.09662384475189278 -0.3124170695635593
None 0.9728701084488258 0.152289798144013 -0.6076951054641713
3
0.3994053723222333 0.3641417755336245 -0.7438539282232621 -0.6069661926650507 -0.6901061962432267
-0.07133952728241 0.9787981344882739 0.6073322352679897 0.19887653377282155 -0.8822031045209091
0.17663534510331225 -0.8160422284743765 -0.39396253954971394 -0.6036130006449436 0.8409063729880701
4
-0.2920067343133783
-0.47092655878397816
0.7063381540692435
0.4419531955638707