2
None -0.5859600791665422 -0.18411908439273628 -0.3397902784374416
None 0.17771222049035718 -0.0762348606772636 -0.5035287868547509
3
-0.11745444719459686 0.5964271968957129 0.5444423376369458 0.6228783402963567 0.5275155478009226
-0.9051200347078026 -0.9501514345046329 0.80378980150169 0.8455086156444509 0.04760198009165695
-0.5537758903357688 -0.22165019535092312 -0.2834589379803638 0.06561180043769044 -0.09983162825156278
4
0.5809433316887878
0.17168450256274226
-0.377452744887691
-0.05941332169950764