2
-0.03265646357207497 0.06003723481141021 0.13535512389551396 0.6738405176876643
0.5485164917515659 -0.672688622110236 -0.6336378519808943 -0.7741918588678571
3
0.09525090911969314 0.4499810747845434 -0.20369137797574166 -0.8369379560102919 0.19534308565185188
0.25259588939707145 -0.48448078583494825 -0.7177241422684315 0.9789069301227571 0.9867899726578551
-0.10360737512778062 -0.07205042401609796 0.3708060945686673 -0.8292360758952406 -0.4372089103256278
4
-0.2544160460637528
-0.03026949163861614
-0.13868625989898753
0.6396329820624371