2
-0.22890800073346806 -0.6275755886371572 -0.9735083294261351 0.3963533074574386
0.5540281914410634 0.1343860987946135 0.8677782419916862 0.8257217835056501
3
0.9869419567277469 0.0678897371335776 0.8178709087922826 0.5057526851126044 0.2250312915224566
-0.5067332103096573 0.9104517221874564 0.05492607024734664 0.6396746674309464 -0.500384342819737
-0.9247326892234167 0.11265996467133466 -0.7725790576058151 0.9108851847961357 0.5698354172304585
4
-0.8630238083073887
0.3868353651488632
-0.6723919439724086
-0.799069852838199