2
-0.9928504333009913 0.06003723481141021 0.13535512389551396 0.6738405176876643
0.23936538258377382 -0.672688622110236 -0.6336378519808943 -0.7741918588678571
3
0.6443380949572253 0.4499810747845434 -0.20369137797574166 -0.8369379560102919 0.19534308565185188
0.7645350287027028 -0.48448078583494825 -0.7177241422684315 0.9789069301227571 0.9867899726578551
0.30886333304270774 -0.07205042401609796 0.3708060945686673 -0.8292360758952406 -0.4372089103256278
4
-0.2544160460637528
-0.03026949163861614
-0.13868625989898753
0.6396329820624371