8
None -0.35332135154215094 0.422815249978459 -0.8331738437546612 0.29072242618579236 0.939719567713998 -0.32982229921834216
None -0.3172868341646178 0.4937125240022209 -0.6937060127616292 0.4356742978266024 -0.34158963105914397 -0.4898896318900252
None 0.7509589858211387 0.8917397890714978 0.567145762988889 0.9069830257066254 -0.07309429528977729 0.34188767232260875
None 0.7379754243461067 0.4721744851317142 0.9603313941969154 -0.839927818908941 0.6287774673535724 0.6035774602898367
None -0.3452617288133679 -0.03299889993421168 0.33282850194004254 0.5070976403402008 0.5667513725582654 0.4599777808689032
None 0.07226000499975815 0.6468642665651096 -0.8719749248387629 0.47729054340359767 0.4278723688635242 -0.5535765235027934
None -0.5062919568829152 -0.9172946140428002 0.5247849372558866 0.9714295492032787 -0.2573537015054914 0.26090162880602374
None -0.1454457146276964 0.8859061648871933 -0.3155287468878434 0.244607838785607 0.4223074812033887 -0.8381231851983326
6
-0.2796733894430483 -0.5612153384650278 0.2928584745981542 -0.7028617460151234 -0.3560806311103828
-0.8604306436204432 -0.1773733986230892 -0.46002321099104604 0.04186253187393896 -0.9912856540499126
-0.3634425752598567 0.6655348446771399 0.30226230201833215 0.19651187976414097 0.08569536663679012
0.1400630099904845 0.13736125745313776 -0.6113453478618094 0.9143299648656886 -0.2414746289708094
0.14007015904296383 0.16005637358308222 0.3908532042403783 0.27591919274298204 -0.9267182813545445
-0.5856548333929963 -0.05270366853233499 0.3053667536339353 -0.08771847743206873 -0.13371471788371458
4
0.6254077448401232
-0.8717695224521009
-0.887068573336182
0.5091077870395477