8
None -0.01451022939535851 0.15926974831843999 -0.045789242202529 0.08679425557486953 -0.1427558560984703 0.48954949955249893
None -0.6906886830915933 -0.34899794698113773 -0.23530331149172534 0.6380129888276687 -0.02582921191521015 -0.2920855116508707
None -0.2139558499316545 -0.2183560545624239 0.3461794023965259 -0.5644604816184531 -0.5266135737094595 -0.7941115267663355
None 0.5733122057071214 0.7614057309710884 0.5750922847483544 0.6069282567584577 0.4188416559602506 0.9000797568006524
None 0.4289622674898166 0.4094206248199981 -0.5521278389406674 0.04421211041974393 0.7926994101650033 0.5462695358920495
None -0.11333988547715834 -0.41351937126609806 -0.27501727423508027 0.010581779625633558 0.37892009942541693 -0.9430365485563044
None -0.6447817403047673 -0.4638407798065871 -0.8293477464015224 0.7218145754979701 -0.6206055750814186 -0.4302298169762826
None -0.2005187483698081 -0.5424677620468963 0.7320277413083112 -0.686085541183433 0.0949281337373169 -0.5549275343704918
6
-0.9529342012648965 -0.5756275702443376 -0.8714659974439298 -0.24066379465866694 0.09658327610836803
0.249104673614164 0.059446069493741316 -0.23493554266899852 0.4112992197398042 0.18340265192070948
-0.8782891786582356 0.5122949417788967 0.7497300111876439 0.38260879282421323 0.4644499078544131
0.5652284972412538 -0.14161160360522151 0.7677917835811054 -0.8895168512393081 -0.657401711183581
0.09188697176657401 -0.4377493119864879 -0.2596941865419071 0.21658154442369137 0.3023789109603585
-0.8427643677526171 -0.6137730108463413 -0.67143809729474 0.011814260345855532 0.8678582536931243
4
0.027736476328279913
-0.964897826179741
-0.016691454028895825
0.5353243803823227