8
None -0.3878827464621537 -0.7526389768967245 -0.9704237711404815 0.4284916671381671 -0.5165383150110026 -0.6762419249292082
None -0.8668192447730483 0.8384705531691565 0.31929420641490736 0.35149466551059594 0.2609129006507549 0.6895059607118346
None -0.9037769416323944 -0.1034060629898943 -0.07745100287949569 0.5516309439170513 -0.27292568704734865 0.7907482082803907
None -0.5162768473742452 -0.9330522457878379 0.24663545081417793 0.8300604910813003 0.7829775942865773 0.6684627464527084
None 0.782562112248107 -0.5804869735177987 -0.9298012844070009 -0.42051071820996366 -0.5168707581811225 0.6067903113933111
None -0.577686017722163 -0.4609288094869861 -0.9776921984708833 0.8127501128623584 0.037416756099591275 -0.1762680648512016
None -0.662072103416876 -0.7251565352920923 0.8465967246176653 -0.5285836638569417 -0.8465880421778449 0.8607317740211218
None 0.767825393363321 0.24289845945555277 -0.5493717456211993 -0.2732484763846317 -0.03781100765783618 0.8521864215782389
6
0.9912980983979667 -0.5449521246664564 -0.21026089377112012 -0.11331919049423789 0.6991193880877367
0.9137704285295634 0.39335062437400325 -0.1605325564053941 0.08922033065452206 -0.6235755045221205
0.4421678972272809 0.029855026777720894 -0.16064430457101486 0.6053595018797884 0.24142848609541256
0.7162377768296613 0.2004767997517427 -0.15836990826123842 -0.15028132847870568 -0.35558270384920054
0.35694435672736935 0.009387382623981866 0.8320687176892758 0.18109878610069208 0.3404347630222986
0.6871936951971158 -0.8645116590548749 0.38709875127177895 -0.6259690460290579 0.025292286210835124
4
-0.9527961152794358
-0.4215307915244979
0.7625923907672654
-0.4580856988815989