8
None -0.04933131917887512 -0.4014360830184931 0.930866325118304 -0.5217770162601829 0.9755685825920379 -0.65055688232006
None -0.5975332389420762 0.4517185085138542 0.16085246963345745 0.770089764042849 0.3503705787507494 -0.5506798783695455
None -0.7474116349584363 -0.25433233789569676 0.36212879913737406 0.4631438479747585 0.9546057595763342 0.7298206554651994
None 0.9769292821983644 0.5178940943583283 -0.6507270881181311 0.03411374232123121 -0.6609430091482487 -0.02134451549948868
None 0.07580355410664419 0.10989436508903805 -0.07653553500225763 0.6987401474268349 -0.32061183357956957 -0.7895100350409885
None 0.12599497614898625 -0.3574578368804693 -0.06827202935940746 0.3301724184962278 -0.25489839845484474 -0.8517647019564532
None 0.3075573269572396 -0.021459205427001304 -0.6586892144804086 0.44217060616907 0.9730595633423715 -0.21026030806959617
None -0.23810654606530557 0.6991899107112922 -0.40066690718383535 -0.43502166816290155 0.025540784958461016 0.5202008882685254
6
0.05533203892561467 -0.043956692475524584 0.2752383996847525 0.942502980981679 0.3948206410609769
0.7565063271034336 -0.9143829776490671 -0.2195763031651865 -0.4546259752258208 0.9024874667510585
-0.07057615113601212 -0.3476263572941878 -0.6550331263119131 0.06081822699435291 -0.45061519357448154
-0.7237248248765831 0.4919612912860962 0.7428534449453326 -0.13816061193267815 -0.39555240478807185
-0.5590255338968575 -0.07868460931807353 -0.4543811760415657 -0.7668411650608662 0.8074034950548861
0.7501997981060204 -0.6744493636609838 0.4304911438171788 -0.5810400716522681 -0.04564598726087832
4
-0.5739302215531323
-0.40383759217271376
-0.8092906975587706
0.2707010856681751