8
None 0.7560919680988891 -0.07223756624255917 -0.4852270684628315 0.8753403294231563 0.5720489107950844 0.559776065575804
None -0.09026691505406714 0.8684839716603181 -0.5361827342126657 0.7880396093525945 -0.1602474378792751 0.45441735301532127
None 0.005441399787711854 0.7076058084855517 0.8358506456427779 0.462030692357005 0.4748450093468317 0.7660224130216773
None 0.8618241556733752 0.737288074365583 0.16874830405402919 0.2016937284051319 -0.5397761801458087 -0.14313741189604845
None 0.4681742432446352 -0.3744519721450452 -0.9736126991131944 0.1953535380207816 0.746265613315056 -0.6337406258486258
None -0.38488231069023593 -0.2233760047360489 0.42029973178826263 -0.15739994828609305 0.40332344748945137 0.2774176227982108
None -0.39621582118049137 0.48775156532957964 -0.7731846913284683 -0.4496769332640529 -0.09995698872039971 -0.9847144727442798
None -0.6269870520754923 0.1611967463165438 -0.1320978597959055 0.358312594183803 -0.01782340010698724 0.03215353209985694
6
-0.2545227679952067 0.381489972268765 0.8409354337078427 -0.2364489927768998 0.5515617265245072
0.6515570377822311 0.6539872269821392 0.7168279090050669 -0.8790725725383373 0.2706741449275649
0.26941600043551506 0.4024662193237576 0.18028079496178329 -0.8844894736882682 0.7095118933665772
-0.6009922380484909 0.35971919013770726 0.5656399798087717 -0.9281903378121601 0.7717636294681052
-0.2117619067263805 0.5984154867319769 -0.3254134500387251 0.6431309984640392 0.6241101124784543
0.5671792303637857 -0.44061822600577427 0.8611678737151756 0.45210581964297836 0.11091064856851673
4
-0.6967860229250447
-0.8337238896311323
0.7711278149962717
0.2878289786514592