8
None -0.44003317549162957 0.5159680543958707 -0.5947701601468673 -0.8189697667967972 0.1711925033976338 0.033075633716652675
None -0.993752241255202 -0.9206720335873908 0.4771474653846828 -0.7397250508786817 -0.03959739378994165 0.6817519809304586
None 0.9662254794586562 -0.52384532364386 0.9346915802731595 -0.4705181464007677 -0.5047694086027243 0.22060448373037778
None 0.8539980411344958 -0.0032453155652671928 0.20502600296017182 -0.03908184899419309 -0.43744101833097626 0.6037199170934813
None 0.4570766862686326 0.42569481481740157 -0.4272143095268677 -0.42925233016196684 -0.8427506905493614 0.6478704130516153
None -0.7227258028775494 0.9705495836079439 0.6978491309801045 0.45502416064271545 0.8323358143250079 -0.34300717265537184
None -0.9870228815600322 0.9398426198749408 -0.6813419949088193 0.18418496458128497 -0.9885592451423635 -0.09146771028904754
None 0.36452498982818016 -0.19640182876098988 0.7681823875777483 -0.0905623373414195 0.6494334445786534 -0.33769284286718526
6
-0.3942599732784964 0.127979771388945 -0.17685061275269698 -0.28489674855147706 0.856957196985032
0.6712769930304654 0.5970283604464626 -0.8786637229424241 0.887292807563274 -0.08508004267686342
0.6187077478492053 0.4315458044067597 -0.44180105173829554 0.20333292492130695 0.16748891591624604
0.16886197832463257 -0.4721377736263257 0.698553557570655 0.4243124057464627 -0.8550355957013893
-0.07413085069982817 -0.9694044299825515 0.30892084200896086 0.9997170147013614 -0.33016105254733685
-0.30056524853949096 -0.9495133294431157 -0.07557604923942196 0.8616374652569292 -0.5855610866533423
4
-0.37942451198120053
0.4487930054637561
0.5928961816012324
-0.9091236933177844