8
None -0.8549203944137238 0.09857234732793696 -0.6420187106780777 0.38797289675139535 0.7004188184279914 -0.5346328213382097
None -0.7995963500563077 -0.5233404215016395 -0.5276435946858506 0.354617926600894 0.24971884403139422 -0.9878726699396656
None -0.3702321437172855 0.6120221203485046 0.16468344391402967 -0.4466323356213171 -0.7771091829101489 0.4232981370696307
None 0.07632438647931217 -0.7200521337729429 0.5314411956856586 0.7407878281507716 0.9257395535899193 0.4922553834317507
None 0.8738371632441297 -0.0011627861262253347 0.12382276531087055 0.8428563690869437 0.7397960711769049 0.1933075432584963
None -0.631529975320682 -0.06714944648766563 0.9833191342153489 0.8864502030391923 -0.15638280306790842 0.6907538195655443
None 0.28498305777698807 -0.6061908709425534 -0.5874151642146124 -0.5825365734385792 -0.9448719746661349 0.43306029049723915
None 0.6744263072572643 -0.927089009372269 0.4037175140656373 -0.36566080934561107 0.01984854546709136 -0.7018347264975431
6
-0.8524064636319764 0.6380197575789499 -0.005941688167532488 0.7524099097857231 0.8577216816520299
-0.8068827132198888 -0.3748411721114706 0.2181100309057724 0.16456463503995788 -0.5246672661479022
-0.5024205061305165 -0.08308957353561319 -0.31273884094708504 -0.1792124618425035 -0.22649284874657782
-0.8078116524150301 0.1840280789304145 -0.7146418840801283 -0.5356622816386791 0.2773179255731244
-0.9030620669768203 -0.8178717723845497 0.9397063439080411 -0.5577084909390795 0.7223425047968011
-0.4467222123168757 0.5622122811298171 -0.5930664633275171 0.10714795403226729 -0.7130674879954124
4
-0.870405312480468
0.7144693370733666
0.4409910163128008
-0.5994946859092032