8
None -0.8138834082318536 -0.10685563461239767 0.8963142245016376 -0.28612887710196744 0.4490771959452964 0.14665720486571265
None 0.22314661723505202 0.06896184606503208 -0.31425525386030384 -0.31811016712152984 0.32263868211382807 -0.5371076654063196
None 0.06877022887256112 -0.37219595407486183 -0.7108512609499023 0.3186420512153665 0.23879088651752012 -0.2506653595957229
None -0.9739969304918379 -0.5220642345664381 0.5429922543403418 -0.786427272333867 0.9670029764021422 -0.8565408287292717
None -0.9130550408158415 -0.6214284442948057 0.5006390449351723 0.8873742298623204 -0.023023539119853664 0.8122079191416542
None 0.6444404955456418 0.8717721280853599 -0.17536916784418222 0.12157992825867936 0.4898398878625274 0.922221984459185
None 0.033027722239645785 0.7956315711329316 0.4059807023373063 0.4758701311290534 0.4612802836302734 -0.26120493701850256
None 0.6824618700158844 0.9394258421041399 0.48403211700253346 -0.6615856168757499 -0.6921687943256627 -0.5437819421131012
6
0.6410024172984674 0.07905804994396481 -0.6901163822020093 0.917155266395951 -0.25285109594604593
0.5248866428496819 -0.13363661584129982 0.5203555857101221 -0.8672834653086889 -0.8868322491890288
-0.8764912911560983 0.8900255410523294 -0.4343805459454759 -0.8548398698681778 0.038405168287321656
-0.4132376578867667 -0.4785169579705628 -0.2697762686635823 0.6041711779493664 0.4473776483704266
-0.7166002852734774 -0.4656928646917706 -0.7208607816053856 -0.9764269515909101 0.3068218838255983
-0.4468217888822299 -0.22691547635939124 0.5256007400749905 0.04653503769748957 0.17657667713246616
4
0.6822267590628242
0.8431265313092662
-0.1737015908272146
0.05450815681825283