8
None 0.8189577780456063 -0.6252091715263906 -0.6355111732288994 -0.9045497286568553 0.12572130286791938 -0.8530168529692901
None 0.28616044203222146 -0.8274127007807965 0.5063296355931135 -0.05489520014688809 0.016934645682533223 -0.10335554351444864
None 0.4522622554256339 0.30776601913001067 -0.5778027194431743 0.7152774304243892 -0.8181901237790075 0.7501017307681443
None 0.964768074221146 -0.2371414444938833 0.783703381655402 0.7349664478784284 -0.37510327763790596 -0.7056646114459708
None -0.03444738697066807 -0.7067895782040474 0.7730095920301154 0.9908629611889048 0.6577459856490504 -0.6552015193798069
None 0.15500522529006489 0.8053740098637345 -0.4642853377164917 0.7432981158922647 0.9895894373304503 0.9397739272709928
None -0.2892111916808011 -0.8324290086681918 0.8410132047315719 0.7637360760027969 0.016856946961411046 0.5645500243250194
None -0.626748750743866 -0.7122609437035734 0.3586848779852958 -0.4627502204024059 0.03764455636042929 -0.48370863141484755
6
-0.8534900155755896 -0.7021943366788048 -0.8597843743190126 0.5771027887792834 -0.27745305598895276
-0.07615357779958387 0.5421854082677764 -0.9370955776562719 0.02957284878027755 0.7394307035655476
-0.7525338475651866 0.023028185836553527 -0.9034295765641003 -0.2145223651939243 -0.6471761493626202
-0.930111988006822 0.17355257952224057 0.2660208689697976 -0.8681353048860341 0.2592603127980402
0.6033401314177922 -0.23865821474161386 0.6969345274419518 0.751296136298131 0.9635220624415608
-0.4910163044011575 0.22378488724501455 0.3193986767170307 0.9907036625570629 0.09025160699907886
4
-0.9769400830757571
-0.3817058955189627
-0.09704823714711064
0.7371898023681065