2
-0.008891424561550565 -0.28842575849212504 -0.5696000031622601 0.03469848102385398
0.323779268792306 -0.6998242186496599 -0.2753187218114448 -0.847406365543605
3
-0.1957713475514904 -0.783880563538162 0.022318311342777397 -0.7505580561802854 -0.657732550304333
0.191942427849509 0.16871778054314146 -0.08589838568993846 -0.5762923666544406 0.013269395145726115
-0.5711098845313409 -0.8218152928272227 0.9777006039583209 0.011674185044040719 -0.3531664726787833
4
-0.029429143496761734
-0.6337793938756255
-0.6552430103205102
-0.777344213031985