2
None -0.04424049935387697 0.6768644809802564 0.9918544659040094
None -0.7639693706622865 -0.9976686171808677 -0.5205861135441672
3
0.9158782533082586 -0.38129135099667666 0.23239738944025756 -0.02131850415356773 -0.3857908980202567
-0.14839764291068858 0.6684553476042254 -0.8777918054817937 -0.7273628117704545 0.4083800534743096
0.010448756537536408 -0.08747600363566832 -0.7657122481214307 -0.5322642117328913 0.855599595167321
4
-0.6851175237790301
0.2395265813374683
0.030096340859486537
0.41823426755333326