2
-0.4609462645587066 -0.809164434422273 0.35852541658643267 0.41637001795954265
None 0.8428357557705777 0.32217170884229396 0.9388253250478773
3
-0.2948718665676857 0.4805220458435264 -0.5208500214167817 0.37044179968769786 -0.5834976565754175
-0.014657495413154642 -0.6474166843648987 -0.5150360599270698 -0.31439376543321496 -0.37059642058703646
-0.01754516914898052 0.16988858906386306 -0.8505927392136337 0.1499702725102181 -0.9644965437287414
4
0.08041977682106194
0.7527389860834597
0.45212009764804706
0.606813008600932