2
-0.5752310793552462 0.9552651377339947 -0.4343032731353267 0.8088532459176805
None 0.03348034210949846 0.2423291873457849 0.7651668984655231
3
0.175507653844303 0.5416235702090999 -0.6144433960379256 0.9707840504992387 0.05106456107431678
0.044679565548550126 -0.08857821697599455 0.44819517905714035 0.11541207902896611 -0.554891494988538
-0.331879339423806 -0.9151530359749867 0.3272801145284232 -0.8584927602407522 0.8826144722551479
4
-0.9582888432226053
0.7131619316757241
0.4317792344476057
0.19968055281149555