2
-0.14614417031060434 -0.13777659891021488 -0.02521581195240663 -0.09278279805250089
None -0.59912768939097 -0.5782132106136799 0.3497761039787499
3
-0.8266514615736413 0.6756531689891594 -0.04484433851839453 0.5037738228545927 -0.17087365763506623
-0.007056290496103568 -0.19346883046795638 0.5572565402506171 0.9631430566279562 -0.995436875686674
-0.9594103607308022 0.9437214443923245 -0.8350257310390219 0.14085256228766752 0.5205357512592332
4
0.7771612721265713
-0.07417927803842517
0.6701459066826123
0.6641339266418183