2
-0.8330349982488103 0.8342204379019982 -0.9777044842412894 -0.6762905445796075
0.9757116457612269 -0.9190551246219931 -0.6721317521312189 -0.4204769920544422
3
0.4601646412192846 -0.14366084258711376 -0.3748636055776633 0.7537042573969206 -0.09555142217792167
0.7691868414037 -0.8262403556874411 0.6605962074012839 -0.37944861411059616 -0.2882968233820844
0.999669654723466 -0.08299122335358211 0.12886396795689659 0.26828805521802623 -0.81475938533124
4
0.8570971634274811
0.32085647205088863
-0.2956084680629043
-0.984383684887338