2
None -0.18295577261745932 0.8764785188787279 0.7184819139151863
None 0.511914279230544 -0.5132555228266706 0.41309926919964024
3
0.3972334689745498 0.2848312932632888 -0.9667005355712479 0.46860311279725564 -0.9305054687083356
0.12038201988475694 -0.010945123446097993 -0.34942606524940967 -0.49330298427651353 -0.0296170502202171
-0.9555498106086597 0.13336949446942237 -0.5594360195453416 0.17154545687569334 -0.25249656269174836
4
0.1397292739803877
0.8001899776104384
0.5080768818052916
0.5373867817026