2
-0.10858960258671391 0.9273527989512185 -0.4752339745936891 -0.7043668551103603
None -0.3711584472826106 -0.3801106317375973 -0.5899592454944775
3
0.18819918297485416 0.15104539495016622 0.9278169533505223 0.4427642638333127 0.404733179192567
0.5133454876295376 -0.25828231341615804 -0.6981318427998737 -0.17586132503055163 -0.18021725205526806
0.33050731223267316 -0.6329430971092238 -0.03207467992943114 -0.28227842725734376 0.049031290356258195
4
0.325148913793859
0.5354475707708881
0.050306262256147205
0.4634718308537722