2
0.12407486751000452 0.0036069851419200383 -0.26531904982033305 0.3628883116772339
-0.8160282088248842 -0.4803168848307684 0.19338029300202142 -0.42136044587077004
3
0.859790316236619 -0.9001218250579308 0.9955985600434643 0.24533599472821943 0.6437224814433107
0.8631088867816294 0.864325107946865 -0.35495087935659475 0.45172322229983375 0.6085467365756718
-0.43169182044138843 0.11614489346551449 0.16978517177816843 0.4533927575637171 0.23252913118478502
4
0.6316911913383711
0.5155529432222117
-0.19604502958438674
0.7660852592521814