2
0.47324336732277494 0.24183425130347258 0.09461751854230305 -0.8244734351021563
0.19755087494972856 0.36961106161645607 -0.15258335850806137 -0.10150614006239023
3
-0.4179456971875304 -0.030886466380829924 -0.19099273273372996 0.6420599544255887 -0.7020497239886083
0.5845057936787408 0.3435980652553885 0.02012798999919596 -0.8803563181773422 -0.7515826461941038
-0.19412814334396744 0.7905279710805546 0.6232230460695802 0.5800300386626334 0.3492193623736144
4
-0.6563959859862281
-0.34078294823629673
0.6716626760214941
0.674434732661688