2
0.095100764910798 0.3564680471004258 0.41628605325228674 0.17037575962621254
-0.7418135970619315 0.30158464803828666 -0.3904749102214744 -0.46450424483483443
3
-0.1710848782078751 0.33921190303692494 -0.8058286242436312 -0.4344642936179741 0.007497029368863428
-0.4525527642919116 0.6446292291745555 0.31043066772995775 0.776562758186544 0.8132522489225185
-0.539710520090376 -0.5898641231639667 0.18655171355018685 -0.049576049564111324 -0.8940944765140211
4
-0.06540927054360002
0.6903947151425243
-0.9609231621513812
0.8376761366765841