2
-0.15351560576476952 -0.809164434422273 0.35852541658643267 0.41637001795954265
-0.9204273578302475 0.8428357557705777 0.32217170884229396 0.9388253250478773
3
-0.2948718665676857 -0.7150995516844543 -0.9608481222901577 -0.44095454808628265 0.5523795913827962
-0.17110222059419522 0.2560271042254123 -0.7497238720237176 0.34352148832764184 -0.457193717486426
0.3291731829053701 -0.6189595592316441 0.4625160991192394 0.25411822643677096 -0.0826547109759721
4
0.08041977682106194
0.7527389860834597
0.45212009764804706
0.606813008600932