2
-0.43841291245849257 -0.21847682237348054 -0.7080213664130135 0.012707546858234942
-0.06333664784379289 0.01981951952986849 0.557316085524145 0.5940316693300636
3
0.18210765586620759 0.28358141414554394 0.6384648188664259 0.4868549460236711 -0.9999167976790995
0.3645925889160144 -0.5610484497361705 -0.18062065653583792 -0.2721942316408983 -0.04073327165335239
0.2682207260833098 -0.09554757756778764 -0.2955825414365225 0.24272607223501308 0.7885898807680263
4
-0.3293446986564621
-0.38873199208304876
0.5275475718388769
-0.894041602764406