2
-0.8445974783096328 -0.809164434422273 0.35852541658643267 0.41637001795954265
0.4623526046712476 0.8428357557705777 0.32217170884229396 0.9388253250478773
3
0.48448495809799774 0.4550728222661584 0.576819970522763 -0.39135249012568485 0.40506274044793034
0.6062884426792605 -0.1603525144157001 -0.5816087077829359 0.2436590658459148 0.618980139692713
-0.8479465833999922 0.8005961889114144 -0.8260237136787667 0.2820913383567385 0.3733112651092416
4
0.08041977682106194
0.7527389860834597
0.45212009764804706
0.606813008600932