2
0.6507226128768024 0.25413701834225333 0.9968647444805527 0.08311788009692789
0.9456038694842981 -0.13801280616275546 0.9348534173271084 0.8562324006091191
3
-0.1770586780642407 -0.40974114602682876 0.27315307116537046 0.5917963336196668 -0.33100999884716176
-0.06675319736385421 -0.5885640359969517 0.3672495107501399 0.429454818722099 0.2803225334125181
-0.9411424083404285 0.4351099082208789 0.7491256415081651 -0.41836352982010094 -0.7880263490676931
4
0.0392927220903494
0.5692546298194423
-0.4676618199907938
0.6069669751162852