2
0.8504308619278054 0.7833776704222775 0.7412180430208744 0.19637364670299262
0.6905104272940543 0.1425706607924775 -0.7515929188597039 0.9147132692275985
3
-0.3895356064433755 0.7691577662034115 0.5468448357978934 -0.5895059445367345 0.15482894103119604
0.6792849470443232 0.23467135294640307 -0.9938337748997264 0.04391153649866553 0.43880842175277657
0.6817731268781166 0.25568226340443334 0.02167366576259666 -0.47934460574336923 0.6382846033290777
4
-0.1286746558177707
0.4903903513131318
-0.5530373338381829
0.8470224508910493