2
None 0.9273527989512185 -0.4752339745936891 -0.7043668551103603
None -0.3711584472826106 -0.3801106317375973 -0.5899592454944775
3
0.812868934583036 -0.720637364541985 -0.7238811338237088 0.7538562407092859 -0.4600556828181741
0.06260950420682199 -0.40331983340195343 -0.8820727136938296 0.6970907932005133 0.5952216830611823
0.40521387296250344 0.20153540051783914 0.653308806379808 0.3466837444627322 0.5368056826606653
4
0.325148913793859
0.5354475707708881
0.050306262256147205
0.4634718308537722