2
0.9507165443881522 -0.5242853730774606 -0.5895031567336555 0.8126907727789643
-0.20759262668654843 -0.905723998000822 -0.5635806184073309 0.34019609730761613
3
0.6879600486408131 -0.7076749374550984 -0.1091301583073867 -0.4538356739227374 -0.5042714374055148
0.2935556094480911 0.003267215199033835 0.20924498157472504 -0.12174710711124925 -0.8007828383660887
-0.7310147502079731 0.675355477266647 -0.34645680829831593 0.725470193234043 -0.5208724682366979
4
0.5199548513190486
-0.8771923543684326
-0.9971886872578999
0.2235481633037315