2
0.3633522358481911 0.9625576097644002 0.949525352117826 0.9019252628553438
-0.06355959450931259 0.06891738652721613 -0.7726193415029885 -0.900366154120863
3
0.9924321570289576 -0.9990941118914984 -0.03887789471420766 0.07275889998377849 -0.9926701500502504
0.4936095589292331 -0.9637292813552105 -0.12626950105641854 0.2520545023293268 0.7149245664173278
0.7357413921955145 0.24706502037093903 0.704218553233626 -0.7528322727083305 0.01692230392089722
4
-0.5444819301260317
-0.9636507586643688
-0.5484510099799018
-0.5562243231609543