2
0.15800264103749417 -0.08730479982118 0.6041354178184968 -0.3876264254423252
-0.3311336305851893 0.32288913369043915 0.03980111733858949 0.39277256677937844
3
-0.9595474300655658 0.14300026654729403 0.08353839437585919 -0.9547687098245676 -0.050827552982707136
0.6142209595921835 0.5928514604279931 0.20773973545884483 -0.8414770034898109 -0.9447429325633507
-0.6791831890134163 -0.795436396068578 -0.42571726166129853 -0.6160783299171462 -0.9960809539982833
4
0.3761775880054419
0.8236698953459931
-0.3220623806587686
-0.45354207914672284