2
None 0.44080151480695684 0.4730298913924422 -0.19906392903664383
0.23927987886663482 0.8102304488176679 0.880864479393288 0.6713081640772418
3
0.36951913317530716 0.8903134689779988 -0.1927203523025689 -0.25906726677264924 0.12409438873894851
-0.4080180096326542 -0.21068149729379604 0.9930062880229702 0.22264986253117613 -0.9636375977820262
-0.34450942001239726 0.08249784365063118 0.2660659307107014 -0.20728327591096862 -0.7932844921855691
4
-0.4696681935968383
0.7913746517214697
-0.4953657998336083
0.6902612680290638