2
0.10960975348999846 -0.8692482313884247 0.8077489093480785 0.8605041906460971
None -0.024488106408980803 0.5520525665194118 0.21559626948499644
3
0.5480693997940271 -0.04382065716684913 -0.42760892729347977 -0.2004986336508403 -0.2627814007932534
0.7080733974336482 0.9471325544823928 -0.27638665621691727 0.7726399374834914 0.08796265864470887
-0.28131194747493327 -0.789569691083926 -0.3083960980675149 0.28607443884405126 0.8444382837554332
4
-0.2033603407926261
0.2584773463904
-0.24254897475977621
-0.10722664989073105