2
0.45315957085519964 -0.38937491374537503 0.15918610046611525 -0.5121095406764087
0.9572174352796718 0.08801473698997553 0.5997322979019406 -0.36608189803860514
3
-0.3808367193680853 0.8832401474827172 0.480676932823652 0.17751441072535656 0.474021560926847
-0.42776378053146114 0.5104602673451544 -0.9994868639485555 -0.1628261978615042 -0.5741125849736646
0.8500234555022246 0.7075138376680821 -0.062298477393543106 -0.43470214576601895 -0.4988555526319485
4
-0.7481898074581674
0.28723602723557473
0.4750106231246811
-0.336034485196552