2
-0.5346812847828497 -0.809164434422273 0.35852541658643267 0.41637001795954265
-0.8085536845088412 0.8428357557705777 0.32217170884229396 0.9388253250478773
3
-0.10064253615358121 -0.7254252001269466 -0.7691891741731192 0.15388844776963762 -0.9121048918066341
0.3047803319473734 0.4517792747935716 0.345585456162377 0.46466685400323704 0.5082666845720865
-0.4017655522222867 -0.28419092454215056 -0.9209720442413876 0.9591907103177366 -0.07492210033199975
4
0.08041977682106194
0.7527389860834597
0.45212009764804706
0.606813008600932