2
-0.03759032628224812 -0.9131132515947189 -0.7874119945765148 0.434989204439995
-0.6127016723657985 0.031300382590847775 0.4334510796849158 0.6562288201560034
3
-0.824072282407875 -0.291039806083202 0.3499142266217572 0.5992843164357777 -0.3553882506120458
0.9143588022865945 -0.4901334502787289 0.9276858117714812 0.40313164488301134 -0.4580408298534635
0.0504703802221218 -0.5529907892279389 -0.15136373949415982 0.21869909727601788 0.9998837535107734
4
0.20538970574463966
0.9269124022458279
0.28919648767185424
-0.939458546373013