2
-0.7459364420912655 0.3564680471004258 0.41628605325228674 0.17037575962621254
-0.3940600009335615 0.30158464803828666 -0.3904749102214744 -0.46450424483483443
3
-0.8400130546397 0.7695260406151627 -0.6485356911654621 -0.04213823370922931 -0.28519231798494604
0.27067100356962737 -0.5693463942051606 -0.4137913797886028 0.6666331454544328 -0.30044492037537296
0.14229914140797018 -0.42201737518835003 0.9310552392848574 0.03609400629429227 -0.4886378946282357
4
-0.06540927054360002
0.6903947151425243
-0.9609231621513812
0.8376761366765841