2
-0.7969855930394492 0.3564680471004258 0.41628605325228674 0.17037575962621254
-0.9249372899206905 0.30158464803828666 -0.3904749102214744 -0.46450424483483443
3
0.8004047815401452 0.8830417209717352 0.37721912695955906 0.11379660469673003 0.08834372125528067
-0.21674131215166148 -0.9936808907510997 0.4748776491241793 0.8922128100149791 -0.5203947083847846
0.21446543608351276 -0.13797761129289166 0.30666438635202375 0.5388041233337291 -0.07392966693410541
4
-0.06540927054360002
0.6903947151425243
-0.9609231621513812
0.8376761366765841