2
0.5043227432093873 0.8311980776388455 0.43886846729672513 -0.695432949681849
0.07259016126678963 -0.9036920577518566 -0.20064446722528828 -0.5639671187005411
3
0.9619014192541104 -0.8325657643120983 0.14210869312978103 -0.4790980580977373 0.18093838973640963
0.8689823240975865 -0.9101536839554085 -0.6599883950012493 -0.9312702071210839 0.005314076934570977
-0.7417532118002961 -0.8184300394198398 -0.5437970767708042 -0.3948598661422036 -0.8340409885544293
4
-0.609886768432776
-0.9899912475115087
-0.805416438125578
-0.6225092231441072