2
0.5165063927140723 0.3564680471004258 0.41628605325228674 0.17037575962621254
-0.951830073810175 0.30158464803828666 -0.3904749102214744 -0.46450424483483443
3
0.17186886273491453 0.8554566037626714 -0.6841174931142087 0.7578465768213314 -0.8845803494379092
0.6565882411560602 -0.6118607244593801 0.9494219237860637 -0.440809602396006 0.6349323204065165
0.062227901406921804 -0.8097495316055736 -0.4222513857229202 -0.8851277950944318 -0.844082330739818
4
-0.06540927054360002
0.6903947151425243
-0.9609231621513812
0.8376761366765841