2
-0.21326722403838816 -0.37467094065472684 -0.04958135620714654 -0.9376194349591702
0.7918931714865065 -0.10096779826850266 0.4985542006972252 0.1843701266489337
3
0.5243490461654283 0.9222685327493538 0.956737204185695 0.8834074223668853 0.9027534868359111
-0.7108557403243514 0.8539242679795547 0.5492171204710357 0.45413053323186703 0.7948098617432422
-0.6587072430922134 0.4587941422783888 0.33791059248537425 0.3439470129349156 0.025729415463122907
4
0.16352151876783672
-0.6309064004181129
0.9327984168725247
-0.012710748691921347