2
0.41255208217917105 0.4250369592675809 0.10999727440169393 -0.6988815680930045
-0.5941822573884474 -0.34815832358149135 -0.9676680209300175 -0.822891973241715
3
-0.34687036882132927 0.6502353406995416 0.5078711520255561 -0.7267606991412106 0.9060083279785798
-0.8305478499780776 0.948555667435335 0.8028083697238553 -0.8822869414181351 -0.032946606235528364
0.5948036099729406 0.640622154131913 0.21912373234367677 -0.009830684777861087 0.34873286416362737
4
0.8956759835812991
0.34862045751953774
0.570838815977315
0.8204697189423027