2
None 0.29806053381646014 0.44464449399628303 0.7285427436100915
-0.21715846286717233 0.22659314022368648 0.7706968180435889 -0.8619655805964039
3
-0.37675775692346125 0.9922161827633091 -0.05109505595202135 0.9016592287889686 -0.7142982345854378
0.18690047854934022 0.7261080963345845 0.0010534807841451332 0.753728775665679 0.8511475366308987
-0.4788496108665825 -0.5724706596619666 -0.41307181455843867 -0.8532704538867093 -0.36707528349336216
4
0.793556771778714
-0.9957270635447069
-0.8081712644635806
-0.41033491442546843