2
None -0.3625606364548397 -0.31856861668436354 0.9370019436226829
-0.7536659170492432 0.7808437319150539 -0.592806834766149 0.14564649620062053
3
0.1307627996938252 -0.001887553427641686 -0.9195028151256321 -0.35559228735096315 0.9262407508467112
0.5128488182995374 0.9972021224163585 0.23826252553640392 0.9032427375446521 -0.7360251352448279
-0.9438983215636929 0.685826537265523 0.09642118626091056 0.9157093023024601 -0.5691441429406328
4
0.27644326183279544
-0.5671204899317799
0.574731597517379
0.44095176915954637