2
None 0.9894949394240105 0.34764398269689134 -0.5647262685778254
-0.4596185600632847 0.814376445027428 -0.6873368825922797 -0.8270449361081995
3
0.08100580179983408 0.4238014590664718 0.4136070219964041 0.5859908441274928 0.4066297729093302
0.8206032736517066 -0.8070349151505758 0.3070482059609325 0.045604996459567726 -0.9125529608551322
-0.7753926967046572 -0.9920585176283117 0.23415442286979204 -0.3974044159949004 -0.12117301743621
4
-0.08931780603032635
0.8525243989105367
0.45446494703604934
-0.5375485012359911