2
None -0.2917504391515442 -0.0719325841837144 -0.6424283583789034
0.11494818622803171 -0.07059946688975094 0.5269968632237287 -0.05403152258573263
3
0.17958448437556807 -0.9964977706154168 -0.9043505404093961 -0.9798197686587553 0.9937194466235981
0.579015642559509 -0.7590608178082932 -0.6777829778590414 -0.135466670333243 -0.35779192778093183
-0.19302128019737275 0.5692933785279908 -0.892809288701317 -0.9098023496821523 -0.32257722956743673
4
-0.13553724401233946
-0.6140057138144044
0.23960355727676874
-0.43682870825980613