2
-0.8742705294876014 0.9772394341014421 -0.19485264075714182 0.6285613392426206
None 0.3683010558079203 0.6255181113770556 0.5736791604549909
3
0.9386281715834623 -0.3370459625782636 -0.16015402569496118 0.9592065581602545 0.4735891485324797
0.49401802665403616 0.9384161686821562 0.8679401541291116 0.4855879293953582 0.5570579979079271
-0.14691886807980659 0.1890379945124776 0.6130701706417141 0.6061292984482063 0.47383611732100195
4
-0.46709926583815187
-0.16735031392378774
0.42097272307623457
0.6444674535454049