2
None 0.3770036111710766 0.31315328098988515 0.19073382906457326
None 0.4919329192186641 0.33959133745321735 0.6474769896405572
3
0.028395203045522788 -0.445530766201377 0.3314621819661576 -0.7080878107795459 -0.22782659492513058
-0.7839949244873292 0.49940479324310205 0.8036510131809762 0.8932144783901397 -0.680642376003533
-0.05334089182626589 0.20477753106270447 -0.6068812981449618 0.44192712395508926 -0.8062518906273879
4
0.6094387744716605
0.7221843729449118
-0.47155768351337235
0.11102490703989498