2
-0.04836149802576317 -0.22350572538204005 0.04740283869288553 0.48062709895025213
0.19545799370504935 -0.6192835557680747 -0.5157096617763599 0.9695066213079873
3
-0.020866392211214446 -0.5199610389108649 0.11697006392869702 -0.1826711173719171 -0.9555672336675216
0.14728951875529783 -0.7606865331466925 0.8822262346978913 -0.8888651562525809 -0.7569314979075874
0.9586703584251133 0.4585488651627774 0.553147233868363 0.6863010907881149 0.222439104523249
4
0.31948969181466125
-0.2351431260633372
-0.3326229722309224
-0.9872907685006438