2
-0.9232333073310781 -0.6275755886371572 -0.9735083294261351 0.3963533074574386
0.82792526599342 0.1343860987946135 0.8677782419916862 0.8257217835056501
3
-0.934084078313806 0.2756145256315692 0.893599435393327 0.33852797662853007 0.2890979164115517
-0.5998638814193338 -0.4983372198381901 -0.4145155367561102 0.016936195996356318 0.47033198971573675
-0.12340127570626191 0.20635068897197284 0.20273389840410316 -0.4679236702808094 0.2833465004155349
4
-0.8630238083073887
0.3868353651488632
-0.6723919439724086
-0.799069852838199