2
-0.213769347717081 0.3564680471004258 0.41628605325228674 0.17037575962621254
0.4176494376987072 0.30158464803828666 -0.3904749102214744 -0.46450424483483443
3
0.042354254546626 -0.5157754457897485 0.0837416706992371 0.6350858181807426 0.9740052115255733
-0.3171396777325173 -0.5298316856163985 0.6001168845377356 0.8081667972315818 -0.741051653365387
0.8423933194205973 -0.5632703125367906 -0.4959835220482596 0.16613344007582143 -0.9439735536064306
4
-0.06540927054360002
0.6903947151425243
-0.9609231621513812
0.8376761366765841