2
-0.805946995959496 -0.014387647624849453 0.3693282906254749 -0.36775459773660546
-0.8202098351332998 0.8611786630797942 0.9917233848865807 0.43587772842700456
3
-0.7785847616762278 -0.6263844740484394 0.904510199160039 0.9795220677450873 0.510152039934735
0.2589960877608244 -0.6038084388274296 0.5124410820295775 0.5604777378261456 0.7018842879598508
0.31815647192506735 0.4185798802916396 0.04235107237666158 -0.3506406912774942 -0.2796459843510106
4
-0.8477331238926396
0.7632448296029295
-0.6639279840810297
-0.5020203681284789