2
0.8222425179594377 -0.38937491374537503 0.15918610046611525 -0.5121095406764087
0.8542778759051515 0.08801473698997553 0.5997322979019406 -0.36608189803860514
3
0.1581014404266261 0.2195615754684903 0.32892825909925816 -0.8592552146223276 0.3768326453356112
-0.5694751663860578 -0.6626284631603598 0.8717091043784388 0.8535037190088763 0.28843642334931174
-0.23625178491169496 -0.2741459936254145 0.925096036620942 0.9503221615752142 -0.8286837589747382
4
-0.7481898074581674
0.28723602723557473
0.4750106231246811
-0.336034485196552