2
None 0.6358671864814123 0.9684289434971443 0.6874797524856642
-0.7963523917679627 0.20528696730904628 -0.8141693013609548 0.0871236317935229
3
-0.9707895494028753 -0.7052810018727627 0.9290545487623962 0.04951556382965605 -0.4043326157076006
-0.2701490622464371 -0.9074505211207968 0.8141525433465377 0.9513110149377606 0.06918480024775198
-0.21551453208511706 0.0614729892863235 -0.20445630519683955 0.5830848882747353 -0.946173948539091
4
-0.9507155778768586
-0.655496184761263
-0.29088242188793445
0.20920808079723163