2
0.8050266631570462 0.8134008373188715 -0.5935899347262645 0.014198857676869014
0.7701638468152721 0.4635497361027643 0.1719857774782314 0.8087429492661087
3
0.015056417314940118 -0.11073265184626457 -0.7480504863914601 0.9354429969810227 0.46839406946846096
0.32342331106262967 -0.5775686745532393 -0.84180097533025 -0.5020070824628795 -0.6171099059581013
-0.8762723518569857 -0.9723007535912758 0.21382833124749223 -0.5899978740313405 -0.8922268280424224
4
0.43525872842674906
0.47491287216843836
0.19551349779437133
-0.3949943834093259