2
0.18060430234970482 -0.8692482313884247 0.8077489093480785 0.8605041906460971
None -0.024488106408980803 0.5520525665194118 0.21559626948499644
3
-0.5091537510936297 -0.2130056808958769 -0.6595783436671958 0.020840688880315872 0.43773329274251993
0.6662657781850956 -0.823439978509815 0.4115876046315621 0.9782688807004021 -0.1617743882362217
-0.7177474589512762 0.6512074204904426 0.5278642240841638 0.40264753194717273 -0.6552502251622985
4
-0.2033603407926261
0.2584773463904
-0.24254897475977621
-0.10722664989073105