2
None -0.42135020636141274 -0.5874518859582409 -0.5608167019541435
0.5745909195245213 -0.17569448817893196 -0.027617073142076398 -0.9687775833609815
3
0.06458215970227621 0.3223869070899468 0.22866464594528413 -0.6749718588790294 0.8373019938472905
-0.5163221858798885 -0.9865114798834103 0.3674594439858123 -0.289996133598984 0.48183596292519026
0.8883326556760753 -0.2751500986014823 0.0877449414582232 -0.8550426470395887 -0.15074112759802172
4
-0.061581792086831344
-0.7418722225094001
-0.365594496998195
-0.3607886763258066