2
0.5857472154467545 0.8311980776388455 0.43886846729672513 -0.695432949681849
0.08161188067444014 -0.9036920577518566 -0.20064446722528828 -0.5639671187005411
3
0.0008481280183734174 0.9653159788706667 0.32577194598321046 -0.17320999873126652 -0.3101563210592142
0.5991087255109417 -0.4784970921855227 0.3220594414901583 0.9583190345548345 -0.7540592116678242
-0.7156520748691355 0.9823063768485367 -0.293550920234237 -0.8563774787775593 -0.36444268178624184
4
-0.609886768432776
-0.9899912475115087
-0.805416438125578
-0.6225092231441072