2
-0.07000660971148909 0.12747478622640007 0.9325320596320126 0.03279690223626086
0.3066452683111063 -0.16504989231838518 0.5574435632806682 -0.5046408213666773
3
0.6302122142363542 -0.04429878451320324 -0.40794086468453794 -0.3179443220500404 0.8694612365141796
0.6331484350775589 0.054551173064656844 0.054766661104556746 0.04736605281063233 -0.5535656928401018
0.40782685272472796 0.15091515424759572 0.8098295871466499 0.36999725175514864 0.17717358221224355
4
-0.33804181641575615
0.13796388149054128
-0.36317816562040695
0.7668403572360314