2
-0.5008741590996912 0.4250369592675809 0.10999727440169393 -0.6988815680930045
0.5946919037740732 -0.34815832358149135 -0.9676680209300175 -0.822891973241715
3
-0.3358341402100915 0.9607740474253383 -0.34942304817098746 0.05725026327299165 0.36970084334254527
-0.06517662225957821 0.5754544612581667 0.3181612122559798 -0.985163775656116 0.8734454687429622
-0.04471824592133977 -0.4714997804874064 -0.15748222692519764 0.009507629596014366 0.5577608421292262
4
0.8956759835812991
0.34862045751953774
0.570838815977315
0.8204697189423027