2
-0.5677062838348046 0.3564680471004258 0.41628605325228674 0.17037575962621254
-0.32159704329327354 0.30158464803828666 -0.3904749102214744 -0.46450424483483443
3
0.9690400424081869 -0.1726661610685445 0.42139707446200547 0.39519113802999395 -0.6299102266602707
0.2235678117299853 0.5534776384413767 0.5025772738376639 0.553200832273989 -0.3344383325154232
-0.18277633398705784 -0.3736157548304837 0.828906633230172 -0.8511061015445467 -0.5616806091501529
4
-0.06540927054360002
0.6903947151425243
-0.9609231621513812
0.8376761366765841