2
0.4055106502522563 0.3564680471004258 0.41628605325228674 0.17037575962621254
-0.9665352461708263 0.30158464803828666 -0.3904749102214744 -0.46450424483483443
3
-0.0775299527437463 -0.1726661610685445 0.42139707446200547 0.39519113802999395 -0.6299102266602707
-0.29137089439477104 0.5534776384413767 0.5025772738376639 0.553200832273989 -0.3344383325154232
-0.7252326645218958 -0.3736157548304837 0.828906633230172 -0.8511061015445467 -0.5616806091501529
4
-0.06540927054360002
0.6903947151425243
-0.9609231621513812
0.8376761366765841