2
-0.29374510785361396 0.12747478622640007 0.9325320596320126 0.03279690223626086
-0.30006423231202084 -0.16504989231838518 0.5574435632806682 -0.5046408213666773
3
0.5590646431659916 -0.6523230808881277 0.757919514404221 -0.48097868340684946 0.026637337804653605
-0.41498837722234594 0.995849929999657 -0.4301354702327187 0.9579134596328283 0.7366766223866437
0.3510634317101591 -0.4554256475442935 -0.07871877609050126 0.6290212801932185 -0.05082817060529621
4
-0.33804181641575615
0.13796388149054128
-0.36317816562040695
0.7668403572360314