2
None 0.7713439457969846 -0.4224247771903007 0.7456002180695565
None 0.11382702073344242 0.9356495690938196 0.7129982178548657
3
-0.6943722484822028 -0.9357051565937826 -0.9444978041206358 0.9399617345331697 0.4764609995951683
-0.34550066558403314 0.7612332203723318 0.43379567938365127 -0.9722212368482674 -0.023557187520910183
-0.8703715409534922 -0.4816036329547202 0.7504078110962338 -0.5704403349247007 -0.31383150212871724
4
-0.02625885181761345
-0.24687415406299928
-0.8659136166656105
-0.700449910506129