2
None 0.738148697878279 -0.5900338864765895 -0.033366251799567204
None 0.885852754472884 -0.6428936303972075 0.8180674144150326
3
-0.5642169211439738 -0.6199500766427695 0.7830096049867068 -0.9294550193888427 -0.9703051183072982
0.8404325473906924 -0.24954984080814113 0.9181812514393448 -0.008290802467641578 -0.46393346980904027
-0.5882394930242787 -0.7814078362177399 0.7989510214436166 0.6384009304298628 -0.7449977379411286
4
-0.5416372401715781
-0.7698132588612603
-0.055203377232419415
-0.41549510482573426