2
None 0.06594374474687559 0.674802146083473 -0.8822033059105359
None -0.3805130515188182 -0.969624752067374 -0.951602947225928
3
-0.34611473220470024 -0.03808430194711088 0.7983392256237563 0.5818408705110696 -0.7608119420300914
0.09179484213905242 -0.9369489194638339 -0.3206753254168675 -0.7314834933855356 -0.7128349316473772
0.3067312628935701 -0.8872280850700265 -0.0486025983635594 -0.07212794044670123 -0.03239097672729252
4
-0.8080509693498987
0.16895831090657576
-0.4594352656186338
0.988860036336048