2
None -0.8185867544572292 0.892591630882251 -0.3078459789792012
None 0.36003004138271355 0.7876788835562885 -0.004583839601085771
3
0.1887812693959514 0.7572454580865995 0.2045600002537391 -0.06511100693888827 0.09487472325629764
-0.24584584231022388 -0.005993439089924113 0.0493901147312088 0.3629301688807476 -0.07451394493600905
0.7913603137981546 0.3972187111514285 -0.10583444737784409 0.008181012351363925 0.7803335831390279
4
0.08488089123474918
-0.7653925103160644
0.8232592687460558
-0.6948125345193883