2
None 0.32765739393579896 -0.8502445857325476 -0.6697827692182055
None -0.22155643901903788 0.3377597673136761 -0.8126671517806849
3
-0.30191992902835696 -0.6566680089665684 0.9986526575429397 -0.19889470560945033 -0.8484873839488425
-0.04158934490117416 0.22358069875826203 -0.4652425621637415 -0.1857547253596652 -0.26943253196241246
-0.11178905302133924 0.5069289873208056 -0.014042106239045449 -0.3852764857361799 -0.7305279498641282
4
0.4059419609925461
-0.7760649065232288
0.902957390217731
0.0037365891144574004