2
None -0.3967203248241493 -0.8275070613406723 -0.7149289171326887
None -0.20170077918069196 -0.8010848890643667 0.5121558316779069
3
0.8257113187961558 0.8772329742520031 -0.13585656926560863 -0.1769058287458698 0.8892328034419414
0.7596456679681516 -0.9110127536419683 0.44943090728597634 0.3976720633038697 -0.27197591403928456
0.09211095447004825 0.4549403286233462 0.7292641264071533 -0.11383397628428771 -0.1618698694097389
4
0.8119444235357187
-0.25695491012062255
0.7923314985698844
0.13968558634961092