2
None 0.9563391042550988 0.3540831164035052 -0.1740060870714455
None 0.8943531313377293 -0.20946107316194773 -0.2624223589494701
3
-0.9026071586534705 0.4833054804832839 -0.2956602516797 -0.2151980009455441 -0.5839728476280914
0.830475711825446 -0.32517041712997186 -0.21998927125162515 0.11869956731966536 -0.44917851207027204
-0.7782481248453539 0.08172951158361541 0.4458631237094204 0.34687389993016393 0.5021667660903317
4
0.3780638142744901
-0.2766734588008066
-0.8703535314472222
-0.5209357516838045