2
None -0.10448339220719771 0.17674053134309076 -0.28986531455920805
None 0.8255228570292059 0.7560337787007136 0.3055764760939208
3
-0.3917855266373904 0.8908436043738566 0.6197225627820515 0.5349880433228196 0.1518673494574918
0.16248060729745384 0.37211137472541433 0.9387094383277308 0.9713857708180151 0.5846152740652231
0.7352073869551488 -0.6280652867442975 -0.26230181183008816 -0.8180809377657969 -0.5020631243070892
4
0.3817574020440593
0.4599937193781174
-0.15532991843920985
-0.12885373657565502