2
None -0.7093907655442557 -0.05192803000707036 -0.48161556934689775
None -0.6307793334878198 0.1276159651339983 -0.3176042063410409
3
0.5437166662696726 0.4487028642011959 0.5102062949207204 0.6345608112063843 0.9364035409090612
0.16530051317199557 0.9397058204458786 -0.6872548567123944 -0.3958597111419142 0.2797108585538197
0.37331665166493044 0.15636895593169942 0.7575814896786377 0.37606487130554167 -0.8616222300305183
4
0.4171117883715578
-0.9283597720532688
-0.12737501908951043
-0.15854843221653625