2
None 0.9883246692809668 0.9656367149463543 -0.8936009708663224
None 0.23372501756444097 0.45798605733073705 -0.6493946287502723
3
-0.10751468758554261 0.33826333869706837 -0.509648329454145 -0.8972280310527132 0.8507692847102823
-0.3658474891322272 0.12900090615528614 -0.5637632375472004 -0.7428938227599411 -0.45477092711681344
-0.2853066703942666 0.2006126249987148 -0.7746247213973945 0.21576738585039257 0.43207317800170797
4
0.19978256461287058
-0.3740216426630161
-0.3166444904675598
-0.9585399749256653