2
None 0.17984222269010597 -0.9761496166865551 -0.8649411937262435
None 0.23687120631781 -0.8924694679386154 -0.7475080401433045
3
0.5925261012549079 0.8188332400406433 0.42688215469450097 0.6990022880000717 0.45331805749326937
-0.8773509911178543 -0.48299376389658155 -0.7492545488837032 -0.5088671400476363 -0.686555742649704
0.7540166909624944 0.2108715990040726 0.8126564002022103 -0.1518882027736872 0.4739555566256002
4
-0.9714983318198889
0.9637051170610176
0.09499177152153138
-0.4849333794417092