2
None 0.3721198298220485 -0.024875035590520955 0.49543462779601355
None -0.7128729593286256 0.3216449237904817 -0.4694826481175238
3
0.9254370888691641 0.4251442332911788 0.4673436151686552 -0.21509414989784648 -0.7143994010260282
0.04172912334742507 -0.5037822022161125 0.0924474093488219 -0.896322570095877 0.1564517936467411
-0.07459741587697888 -0.849936786215381 0.7666644673653398 -0.035264309228417945 0.8116578222504318
4
0.7313447160013977
0.34678489562432935
-0.44988664882984675
0.9798203800210805