2
-0.6270774706688547 0.7833776704222775 0.7412180430208744 0.19637364670299262
-0.4559112779960184 0.1425706607924775 -0.7515929188597039 0.9147132692275985
3
0.1219531571195045 0.8409374040266406 -0.19238655566338592 0.1880170219865045 0.5598064519066128
-0.1265170165680849 -0.5481349571233485 -0.4744345532977208 -0.13609822260595839 0.31921167076661683
-0.687964043147328 0.14465899695719986 0.5862459187266409 0.9442484355088638 -0.8034648274312839
4
-0.1286746558177707
0.4903903513131318
-0.5530373338381829
0.8470224508910493