2
0.5690155655922835 0.25413701834225333 0.9968647444805527 0.08311788009692789
-0.3977572293224063 -0.13801280616275546 0.9348534173271084 0.8562324006091191
3
-0.4625116362422581 -0.5715452284183844 0.06302627584682008 0.5421446974875841 -0.5768759853427832
0.6475087294582089 0.7095438245276329 -0.9084503330085296 -0.23240500947231268 -0.9494166871048444
-0.5070096713052479 0.9219664710466506 0.7073136388809174 0.6319912060363588 0.35661002112373774
4
0.0392927220903494
0.5692546298194423
-0.4676618199907938
0.6069669751162852