2
0.6414973242456159 0.525838334287855 0.4002172528888288 -0.29645654478325034
0.6668363138933229 -0.0939968703439753 0.22139374118433963 0.3151901826605592
3
-0.20977460757529998 -0.9399880430031744 -0.2340038017753161 -0.312777375902791 0.7080473348730172
0.7361510179335615 -0.7189607921700027 -0.47096654730056664 -0.8736989278115321 0.12715910885639525
0.3281765066459066 0.7450281204558562 -0.9491764994926335 -0.15668095689778494 0.764747313208306
4
0.8037909214196606
0.9813952407039652
0.42266538325988035
0.9517878778233906