2
0.7147581053046328 0.4250369592675809 0.10999727440169393 -0.6988815680930045
0.0761802150184514 -0.34815832358149135 -0.9676680209300175 -0.822891973241715
3
0.28238786442053265 -0.6454248873032435 0.7148481735342136 -0.49363359759729364 0.6070409890345256
-0.5468904079955745 0.34115887527291244 -0.16376749993584827 -0.09613543384624768 0.8589658540516478
-0.4197631037823861 -0.9060720340501047 0.4573591560792374 -0.12414687411546699 -0.6066582919170525
4
0.8956759835812991
0.34862045751953774
0.570838815977315
0.8204697189423027