2
0.6009099364527666 -0.809164434422273 0.35852541658643267 0.41637001795954265
0.5511823277678565 0.8428357557705777 0.32217170884229396 0.9388253250478773
3
0.6358303809987893 0.4550728222661584 0.576819970522763 -0.39135249012568485 0.40506274044793034
-0.1828564747017174 -0.1603525144157001 -0.5816087077829359 0.2436590658459148 0.618980139692713
0.1516851541010562 0.8005961889114144 -0.8260237136787667 0.2820913383567385 0.3733112651092416
4
0.08041977682106194
0.7527389860834597
0.45212009764804706
0.606813008600932