2
0.6287622593920099 0.25413701834225333 0.9968647444805527 0.08311788009692789
0.7487668494611694 -0.13801280616275546 0.9348534173271084 0.8562324006091191
3
-0.9381294670943379 -0.2089992681170656 0.7796769264048353 -0.638722701885196 -0.9253212662076069
-0.5311324168729723 0.6469901317767761 -0.47620786321368813 0.6563492417826602 0.1536543775612682
-0.09330387832472242 0.07617025038402869 -0.2536710983986954 -0.5470300452479926 -0.05602869243386044
4
0.0392927220903494
0.5692546298194423
-0.4676618199907938
0.6069669751162852