2
-0.9544112952185098 -0.5066726212154546 -0.47036144888113496 -0.13685327460575647
-0.8600730316658496 -0.5523675739051477 0.6896735156587759 -0.787458940851679
3
0.8225637758685231 0.2034169444308196 0.1576097628630142 -0.11349087921708456 -0.2309398539799361
0.37913006123792004 0.2410081010208387 0.4803820928393401 -0.7856526117073939 -0.0699898475842673
0.05221822665638709 -0.10180658585891744 0.5920161427916755 -0.058518467631650806 0.4193881566229454
4
-0.11565032838017708
-0.9811362025942783
0.049226114184513614
-0.330577618580145