2
-0.7629115235279411 -0.8189238661592513 -0.2650707914319135 -0.40893916408470865
None 0.14888758662978518 -0.43493305692645023 0.1668689653721569
3
-0.686523815946164 -0.6421957383495809 0.4597992090281864 0.0046052205409876645 -0.48996061865277807
-0.8846153392180263 0.21007289625663472 0.5409907366813143 -0.22816893950373185 0.8144173753987234
-0.560628668110356 0.1932092579308029 -0.835189994301593 -0.7222158401558474 -0.44955930065039285
4
-0.10509960685826014
-0.504481633985683
-0.6434138521066686
0.7059090011079794