2
None 0.954349442484355 0.01166390493928171 0.5978839397256455
None -0.5554488391778727 -0.5105253754980437 -0.838976939381521
3
0.12450860704755318 0.6543643405166877 0.25558336234983026 -0.17846004311400043 0.36590703971771665
0.3034799127388168 0.4367154826233113 -0.2507931709558222 -0.07610836132742871 0.25720546047891246
0.8768629373105443 0.7020844823647625 0.5343080836970062 0.4931430684611895 0.7226074952248656
4
-0.4255695921848681
0.08894485462757662
0.17063854184138694
0.5546364422316317