2
None -0.6024949867098659 0.2954080475186429 -0.9909611944332497
-0.3242974190072605 -0.5226357693352566 0.649235324849621 0.10313225814749227
3
0.8005337914266983 0.5747965025152746 0.8221721081028672 0.6819683910768266 0.9479422561480937
-0.4221963932543218 0.889116376832761 -0.4859054761979007 0.3487701799686602 0.5419207783981206
0.49415406035415566 0.2994901096151612 0.09752710593602454 0.07273162546640011 -0.3534217144989389
4
-0.10375687868424466
0.6302439570242786
-0.4999736191197708
-0.7346896185740031