2
-0.11839798917655608 -0.10970317944829522 -0.6897202588426044 0.008337553262985908
None 0.9574347527390892 0.47128281649006154 -0.5326764037419716
3
0.7067110587589072 -0.13790245229763687 0.2097310019842531 -0.7425829232795536 -0.30696594407390987
-0.4133519268757304 -0.8231402104653014 0.5662455882607782 -0.5527040603141247 -0.5258503749307024
0.2297920748760265 0.6751771198770371 -0.4161073119894818 0.9324953522481758 -0.07490322691511331
4
0.003242470357047944
-0.327569561214198
0.7599136246545695
0.2444418558998782