2
None 0.5841376121225661 0.1067588960008754 0.9093923670376372
None -0.9595776578625428 0.4716044045022807 -0.5977986409254827
3
0.7795133044882845 0.04837479141169365 -0.9684793597694292 0.8771226658624642 -0.968234390026234
0.20981916079903873 0.028409883127763047 -0.41317977198970945 -0.14023216298556118 0.5942116548615375
0.7880529340246585 -0.5016490897235866 -0.18273553643936413 -0.9497825472941763 0.1721741582879608
4
0.17283127315673652
-0.22110766744956378
0.3579882986830112
0.9195478849191046