2
-0.5413586670896238 0.7670162783353094 -0.6298780799658528 0.9985929568195533
0.8008656342082312 0.5109236174701666 -0.7226743518711667 0.6797649583262819
3
-0.9143788809882996 0.4080581419905682 -0.3569233835901511 0.8780732030495411 0.3559027676739419
0.9233939569768741 -0.9098974931906765 0.3590533403655427 0.038766568708229254 0.27230465435223583
-0.17530117137086254 0.5844455729782005 -0.6981484172116419 -0.9856367299723294 0.15511813760580662
4
-0.10955500474635715
-0.3912227465397884
0.5761929906202183
-0.7460092924463688