2
None -0.5431564014195169 0.07036693750224732 -0.8244989459657948
None -0.026317187785805274 0.949902182270622 -0.22991778144752484
3
0.2738645258412229 -0.8648170322310917 -0.8169034739963505 -0.24068162848695596 -0.6905866386219943
0.8878996171018705 -0.6395022278314286 0.7129966298403343 0.7236286265210392 0.7638720061291853
0.08649298443868614 0.20153258943927255 -0.6022236827618936 0.5825213487521868 -0.8932004496950068
4
-0.6520526735221175
0.08974246365554506
0.5479129291294584
-0.7796780054289383