2
0.24442238127310056 0.9726502957293901 -0.1444158378486886 0.6477072749318609
0.6796328423226952 -0.780292042042162 -0.8935937873681716 -0.10385812099959102
3
0.5273222642279696 -0.8771155207058257 0.6280110819483002 -0.4561792846975168 -0.1423485807697269
0.5127299802653478 -0.2259592982626153 -0.5489667092901236 0.11394351252284696 0.3755963066387389
-0.5430229336040884 -0.763881672280845 0.19159186049963406 0.24065590102736656 -0.09754614906335357
4
0.9805539554657543
-0.20972823421832554
-0.5469958724488082
0.474748406513432