2
0.5139732405762625 -0.5642537107057337 -0.5303302141425867 -0.11479408504799071
0.5004523906244736 -0.015206416174044168 -0.48680169883302615 0.0678749045402478
3
0.5360478831543984 -0.8476735559782342 0.46073501379629556 -0.46489591078554304 0.37710278519769735
0.8751143048526215 -0.7933035365306793 0.17930934254003406 0.29456129511081497 0.289571807368014
0.5266777520939541 -0.8922348793849888 -0.9194465805837877 -0.027792030802153977 0.004946359725338079
4
-0.24210334472878325
-0.848210063184849
-0.2773099315750833
0.18294492234377668