2
None -0.481114881075392 -0.30072031515608644 0.2201206668522031
None 0.02314703221315284 0.26727701953574345 -0.49168672018533877
3
-0.07194942950257044 -0.48466203300652144 0.7970450264381492 -0.17093851606125643 0.2314190182286433
-0.4625039250768934 0.24675715624316763 -0.6368647793046074 -0.6913476753824888 0.2851942413698383
-0.21832066471035705 -0.5372330116140287 0.4422218496029786 0.9905490997336477 0.8362545089503
4
-0.06911242258890282
0.10010146103863837
0.161418032294379
-0.2697155608223165