2
-0.8678266086051207 0.12747478622640007 0.9325320596320126 0.03279690223626086
0.08292124817718438 -0.16504989231838518 0.5574435632806682 -0.5046408213666773
3
-0.11631460263213889 -0.6843317982085406 0.702799353516405 -0.3486117445459693 0.045993028425378224
-0.566306107380659 0.3795167471409282 -0.5769559380201106 0.33179291845096004 0.8500165278651086
-0.9179382726204568 -0.29832889015651 0.3216561422684352 -0.4555910359696165 0.8791025130754402
4
-0.33804181641575615
0.13796388149054128
-0.36317816562040695
0.7668403572360314