2
-0.9256752137377215 0.12747478622640007 0.9325320596320126 0.03279690223626086
-0.31080104065058567 -0.16504989231838518 0.5574435632806682 -0.5046408213666773
3
-0.2217890182022264 -0.6843317982085406 0.702799353516405 -0.3486117445459693 0.045993028425378224
-0.40505234097397946 0.3795167471409282 -0.5769559380201106 0.33179291845096004 0.8500165278651086
-0.6826131440135856 -0.29832889015651 0.3216561422684352 -0.4555910359696165 0.8791025130754402
4
-0.33804181641575615
0.13796388149054128
-0.36317816562040695
0.7668403572360314