2
0.9855987596853888 -0.809164434422273 0.35852541658643267 0.41637001795954265
-0.280041742326848 0.8428357557705777 0.32217170884229396 0.9388253250478773
3
0.6352667968761878 0.1989600943958001 -0.2246826972054654 0.5175555177817672 0.822502046814092
0.5689091234650006 -0.7182289631301497 0.4783837068715173 -0.1342836116312116 -0.2729268818547046
-0.6737017818334667 -0.12817194334180027 0.7410597982555243 -0.4849601997719819 -0.9516300155223876
4
0.08041977682106194
0.7527389860834597
0.45212009764804706
0.606813008600932