2
-0.6690198854538214 -0.809164434422273 0.35852541658643267 0.41637001795954265
0.6775790563489443 0.8428357557705777 0.32217170884229396 0.9388253250478773
3
0.6135590397173976 -0.8246454280435838 0.13139300878572668 -0.8698855652886932 -0.5024964078661869
-0.8889098401267239 -0.1193051827127225 0.1585882223739965 -0.9060423819413013 -0.13770124606434964
-0.06869857118234424 0.6571327709907646 0.7884515024724783 -0.7067864375392756 0.566872988188879
4
0.08041977682106194
0.7527389860834597
0.45212009764804706
0.606813008600932