2
None 0.5768333181881331 0.9331954392357553 0.8608504054623882
None -0.9612178228829689 0.862706772432912 0.30286847503821135
3
-0.6512797167547324 0.08146063549128568 0.1101422667147478 -0.06396062849250095 -0.3061417798432198
0.6351694033779249 -0.687813612968436 0.2952313352815008 0.7751622646998924 0.5151640067372334
-0.017934299883447524 -0.1720843510930945 -0.22170687412155554 0.22935818517833995 -0.5760399729286239
4
-0.8889525234181201
0.743749253781238
0.7402205604782124
-0.9362319571500306