2
None 0.11189071934186012 0.38017590956722946 -0.12162495616604252
None -0.11625462721658275 -0.09022584851239501 -0.027420919037454583
3
-0.4277472175965511 -0.3155206019323842 0.5064552261059019 -0.10058694282807101 -0.5369427244527609
-0.40153740969168195 -0.03484600357895329 -0.6443369971507804 0.2782202573312156 0.27903338313294146
-0.11593286468379871 0.6627766554776386 0.06679628297867923 -0.29437118077432656 0.8357277784771233
4
-0.10072166590977716
0.6521089720810263
0.9434022728711724
0.1678275659350703