2
None -0.10063863505782478 0.2530158905959714 0.43490184770625473
None -0.5234625394736654 -0.6435320999299441 -0.36381496169062766
3
0.1051567692275861 0.41419782552874573 0.4454076132257472 -0.9912424479643673 0.6320932327661142
-0.1923910755004743 -0.9361295284002111 -0.7160375272101265 -0.10456814128061143 -0.18451386216850718
-0.5584414826110011 0.39350019069235764 0.01421331916038171 0.4188694191298816 -0.3522248906945542
4
0.8816983088622095
-0.10921158134102082
-0.9708011349959289
0.5534961021041782