2
None -0.12712683363641175 0.7461795298735379 0.848333544528239
None 0.8005404301870427 0.5431522171658536 -0.33328053497362053
3
-0.8508545156759817 -0.15583087364647596 -0.12972150919176983 -0.43526000674151644 0.8242462419032641
0.8923879432910771 0.31111031059742733 0.42246021277636925 -0.8021988678197434 -0.08774894460387661
0.6404148265692737 -0.5791870067545637 -0.9244224112906954 0.41218769998702554 -0.7353564342008629
4
0.7424531753560473
0.9798122561820926
0.6656679719034082
-0.5017680750031537