2
None -0.6850720906188608 0.7247267468901122 -0.6248184126809644
None -0.2813714910169831 0.9131620268809864 0.3038561036252696
3
0.4155690919652504 0.21630935143639785 0.8298780531964938 0.08064590933686833 0.01744595176971586
0.42715156818378697 -0.040838065409897206 -0.4085446557165131 0.18757059712651047 0.15427412742019508
0.3776055320519571 0.17948417655665394 0.45656411231459093 -0.4538970105100413 -0.5347409710262943
4
-0.6490504775848691
0.9516726537789972
0.8744175548556556
-0.14395240091504302