2
None -0.42456959192264 -0.6075279239937361 -0.5354388559281877
None -0.4000962526268539 -0.13264822262403775 -0.6050226351515784
3
-0.413857460558944 -0.22490265910120488 -0.015223861111211212 0.8407179225592618 0.13094518268360344
0.1109735330615742 -0.3334842007472618 -0.15809159842912068 -0.21766274911846173 -0.9863524860047668
-0.07763469442746573 -0.988697102178377 -0.022837188661331442 -0.6688954916416556 -0.23802856135451145
4
0.18473511631505302
-0.8254300859197072
-0.26305109060581344
-0.5882442898868556