2
None 0.5309516478687386 -0.9685145700044075 0.018318842098927535
None -0.3557776446091503 -0.9667414619932657 -0.542007182551814
3
0.9241870400750727 0.5935493180131683 0.04248080153491274 0.14799263539654728 -0.1364656162022937
0.5132478365842197 -0.12666992687251022 -0.8849054356644661 -0.7178616678325223 0.1837917115440575
-0.978496053677008 -0.688012361605443 -0.2359990122010991 0.4782928159380644 0.9819403747945719
4
0.7449032503450692
-0.9584584662833269
-0.4767575794278185
0.6203628691633363