2
None -0.6532976360433733 -0.5782507498334666 0.7129955070591019
None -0.13431795434763227 0.23625639866498682 0.22903277948452438
3
0.148967905931352 -0.6455510836295273 -0.008678845787696288 -0.5802475614556968 -0.21748281150385562
0.6085814128859466 0.44441772967839976 0.12354170032962597 0.012004623167618744 0.8395661362205462
0.5695697792207151 0.9618184023551128 -0.2794231299936316 0.29014618763666 0.10752955843759326
4
-0.7379550305020064
0.5039198680772534
0.8167929197155355
-0.9640564348313592