2
None 0.3568507168395496 -0.13814919085420452 0.7153325902689267
None -0.7083989498374699 -0.773460274989715 -0.7178244116982835
3
-0.81958927645714 0.8367370212237506 0.35434338630606477 -0.3044691532487598 -0.9782794121667726
-0.18805586615406322 -0.8848124215389059 0.11476794614124075 -0.9974041907437747 -0.1310990887474972
0.7687977589850041 -0.7750211025781615 -0.2555462199135059 0.834931366849347 -0.3776041497281928
4
0.4494721501951169
0.28677539309813405
-0.05254122843159248
-0.703459304591886