2
None 0.4482451042676363 0.817559761272852 -0.5018824869963063
None 0.1623452771446161 0.31931845538771264 -0.9628954111635706
3
-0.6195402854790648 0.06566869605289893 0.9561251507044461 0.9512432334329315 -0.3130339446052144
-0.6330982187517222 -0.7643823922261046 0.14767077964379816 -0.4210556012516302 -0.08616587434429124
0.24784100149908483 -0.3829927957844561 -0.7957179193439115 -0.6335650750355863 0.08465435165131674
4
-0.5930433979882748
0.9291780951012385
-0.40685202240688656
-0.8390187995791074