2
None -0.8601498712037694 -0.3522123783559832 0.8526644340870133
None 0.33269873567246777 0.8068511908005906 0.6853624617747773
3
0.0913662437802032 -0.3367172175424684 -0.5012073229111915 -0.6180660860004892 -0.9878035466197899
-0.916428050539738 0.92424149105949 0.5591590851000425 -0.7983790745114587 -0.6442140160998744
0.9748812474680721 -0.4229082476182999 -0.4883365231578227 0.7589797917348664 -0.4936526597849462
4
-0.04503693235306838
-0.646219861924406
0.6928133572478863
-0.6990652531210029