2
None -0.31412722133264026 0.011268261786672396 -0.9593059815938891
None -0.14243153685595922 -0.9852649723671958 -0.8312768517875702
3
-0.8374177480428793 0.9079189652998021 0.9482012928135779 0.6688194483134282 0.22398358974314725
-0.7141695603745475 -0.41120864306933713 0.6224840128907998 -0.5771998543928274 -0.9874803992305046
-0.23859174044429365 -0.17327783996826995 0.6285043338665479 -0.942326687223729 -0.2811942522902502
4
0.7629502263248205
0.6558923184726473
0.16442469085377542
0.44396107339047797