2
None 0.4407934101821258 0.23178135823068913 -0.7258219212838684
None 0.48611082187425647 0.2375778963396975 -0.8344961747414168
3
0.9790084996468413 0.8166213331826349 0.6776750289420084 -0.15307718332453746 0.43646497003209506
-0.3977895168360879 0.9920388648564376 0.48807480488381594 -0.4596877599556428 -0.6973645109430546
-0.2583016877801281 0.4732654414441786 -0.981593992933214 -0.3374125547869091 -0.2598951049245972
4
0.6789178101443623
-0.7658185979684999
-0.8371189456378234
-0.5152496866831497