2
None 0.41583443973192535 0.4610026378536558 0.6076698969078049
None -0.44240544643860336 -0.9526301941989517 -0.164947378324791
3
-0.046285796894948605 -0.11195763320442897 -0.23561501818688946 -4.571522716645404e-05 0.45604340099377616
-0.9127528203394684 0.4383729372398979 -0.5165589168585576 0.6410001723817176 -0.9360361742503218
0.7216804145756532 -0.6410309885970571 -0.7335031508146781 0.42109976326812615 -0.3638381627897145
4
0.2348273224001165
-0.4894896169810228
-0.23984211182351145
-0.671881067236926