2
None -0.3773605203456081 -0.6931170341143065 -0.48146964847974005
None 0.9976188565663433 0.45292882731945827 0.8666659402277519
3
0.04716784342057001 -0.3644505823084163 -0.7129628911774222 0.8115380774608276 0.31543227996984924
-0.15249502622556266 0.20081174745777552 0.1234476660221906 0.8826586025432133 -0.6475445546497456
-0.46208396091336956 -0.11752518165203307 -0.4245218058144562 0.883850347854686 0.9663563959751866
4
-0.2284644667777216
0.4287189881785154
0.6795766074385237
-0.046525435796590076