2
None 0.18480092717909802 -0.3873880493763793 0.3465634523407941
None -0.6916365013700922 0.4374154930087615 0.9830325171044412
3
0.040210530512333476 0.8693004819906733 -0.24343692354011126 -0.9172587579757703 -0.3978580946002046
0.16360433233900795 0.2151113029699545 -0.039569925887697144 -0.7682769192694685 0.7312274708603981
-0.21967307257893887 -0.9568364112199501 0.7017221621637448 0.7203426455272708 0.6464040946347269
4
-0.6167446863187702
-0.28749345265163706
-0.9818165161122085
0.9660614950168753