2
None -0.883553472428644 -0.1900716210459732 0.03388053225215226
None -0.5522615281334973 0.20990164602147332 0.9190787866842554
3
-0.8326751690832388 0.37176300125363104 0.47591930699845153 -0.1952523437184972 0.4468567842391329
-0.363865518212388 0.6361896725835254 0.37201111393171993 -0.13869387618117646 0.9509694436267051
0.047981741611881734 0.22673779355575285 -0.07545335866342584 0.6968765306528553 -0.29118628194233587
4
0.21489656639943977
0.2758019243315206
-0.31128393751901906
-0.4840627032461713