2
None -0.6616263283135266 0.5779738987944987 0.959389155412022
None 0.8478222094601269 -0.4852363283775438 -0.4315306007546589
3
-0.6822462574228461 -0.9075112789167472 -0.23610510129788853 -0.2629187300092899 0.9560392229719028
-0.6981006387853776 0.42551754248729234 0.7247920544561024 0.16376007274660087 -0.01772002343119783
-0.8428673707560834 0.4521795354686313 -0.9165372745927118 -0.5101031507209024 0.1815034455530511
4
-0.936815025231249
-0.09188866827897546
0.32531467600213126
0.5824650037350745