2
-0.47369685522369265 -0.9293876144161999 0.6843502605834444 0.8384245598515025
0.9277503761101495 0.5899351710969671 0.820328969752143 0.6197522072339421
3
0.8924430274827222 -0.3091035551856225 -0.09247861370788923 -0.9833569111940841 0.9269604828186329
-0.4596901790953214 0.14814470336840269 0.76142122869415 -0.6589764385594654 -0.2591319501284608
-0.9575653264691175 0.32042696127908266 0.3825865125274752 0.26844211186367484 -0.40176930798110044
4
-0.38220260653158533
0.4954990262909107
-0.7923761560389679
0.12518067516233677