2
-0.20256613318764782 -0.9313028344352607 0.5842793997786926 -0.513099123268179
0.6770801296928102 -0.6056169271069292 -0.489334011482109 0.6516462853718956
3
-0.052762288447251615 0.42192815596384015 -0.30193169767601624 -0.5659187857150934 -0.4684044308200763
-0.1186679861747999 -0.8936711105699549 -0.7810837679394689 -0.6293440100028171 -0.7226567359472478
-0.6743189898710122 0.33031306273395833 -0.24415056754264186 0.7638752507612847 -0.5610865130980902
4
-0.765497649286697
0.6166362718010725
-0.0995903115748149
-0.15136828295254467