2
0.41664812335022416 0.3550540383903693 0.11109088615491469 -0.9385765418697205
0.19771181248729297 -0.2932913951142604 0.5640086854883273 0.2718453206149274
3
-0.1451873143331095 0.26621303618139347 -0.3729493448688943 -0.7145049465376938 -0.1745505948833037
0.6856411194471492 0.6100341841160566 0.5758483293363237 -0.7631456329635673 0.02917946145125616
-0.46963132735745083 0.4335838654915203 -0.7360875677485086 0.40585454369124174 -0.2621175005229208
4
-0.33309066375361396
0.2280277084396014
-0.5959151160693452
0.4133269303311271