2
-0.9696184599401516 -0.9529516051093916 0.09907356491450714 -0.32455676482091245
0.6758701781012462 -0.8124655866862673 -0.3671442264223501 0.6493501346457831
3
0.7627135007700114 -0.1607226157709627 0.7803125480847566 0.13167010423772862 -0.9916405391697842
-0.18298944170771425 0.8744369316896543 0.53693832280242 0.6708739950118565 0.5872618776857728
-0.6904732991691689 -0.03764512538507425 0.42268871880099135 0.507879332320651 0.42381752143919993
4
-0.23270688714839993
0.3243434067443476
0.9682669880987562
-0.8365000711598554