2
0.8645535906052508 -0.45453416362257304 -0.33141747513786357 -0.41155754390368915
-0.11957084643753846 -0.6528892652551215 0.7529687723207141 0.9818334088776564
3
-0.6425929124434868 0.49306377665507406 0.04395887980447899 0.3803880465394336 -0.18665474366604284
0.598657515878309 -0.6491476690180467 0.6726187058008855 0.2051152255555615 -0.7963221580141524
-0.3983004284988527 0.7916951522023246 0.5928503141221986 0.08495170257649654 -0.18327901829472748
4
-0.8135620915420385
-0.5582277268822551
0.3126967473897395
-0.7939807772284175