2
-0.5780365511493282 0.7126565847095305 0.027235326489970735 0.9175400775510858
0.11947492403571092 -0.4185126375071062 -0.22236160757120493 -0.10985667398837085
3
-0.30054454030110267 0.2537255113787189 -0.47114916118010064 0.9125274091283295 -0.4933809063328338
-0.5201514559690972 0.8026516031755462 -0.014088308153689999 0.12120905989077735 -0.38514840649888216
0.20518484489615751 -0.6620645399835894 -0.32778236754607826 -0.4720744475023222 -0.19413523492066087
4
0.6968563984344065
0.01983519760226682
-0.7396688543165861
0.19702827258375222