2
0.4716006119330498 -0.81122871330558 -0.3694191680311274 0.8082068232448161
None -0.09934501962344 -0.49886731327692035 0.8100903830124846
3
-0.27143863786466316 0.9785386754791621 -0.1383913273589057 -0.31830109259248074 0.2029966400837655
-0.0499530583811898 0.6572856872844817 -0.31066878582879576 0.2401845665852813 0.4547061599717497
0.16231404180739295 0.4199701206294679 0.7851115001597602 -0.17093188055678565 0.8286205679503948
4
0.4715801266659041
0.21338702243424557
-0.7157755363668792
0.15753819974451044