2
None -0.14583547187603552 -0.4377109600587046 -0.5870815658822552
-0.9757312247295302 -0.8020591747700381 -0.08257535834229879 -0.07298973317136959
3
0.04488091342831835 -0.6206158189681619 -0.21984380234148393 -0.5083328249775418 -0.30350381514008173
-0.24813528676568075 0.2620812326225259 -0.8071840382073965 -0.8045632025761953 -0.9972208477359028
-0.8678545944127984 0.16547308918172376 0.20396165182920134 -0.7556432432227171 -0.7140793078830534
4
0.7572681517728161
-0.0859510313070877
-0.5106170301456745
-0.7004267615731303