2
-0.20216730182009424 0.3568365822222448 0.5615768434615711 0.5562806288602935
None -0.4404438113671838 0.977191864452613 -0.732066097049163
3
-0.8175294538923881 0.7034147099850485 0.47022759931474156 -0.0069150388520022865 -0.6922361669853556
-0.3497676636194258 0.8150160358037337 0.7389824893542161 -0.10118031185298726 -0.5306003725817912
0.507735890062297 -0.13683502081392573 -0.08492741994493325 0.5428851361676221 0.8648206992789791
4
-0.7374272321734934
-0.06316491400651714
-0.5195855744477034
0.7780957380726456