2
-0.31907036033458747 -0.7626061025872692 -0.19488056709230617 0.758772309833446
0.9555407922655401 -0.12186291626361023 -0.20126934879189662 -0.5767976799675516
3
0.25082591247596486 -0.6098246246200223 -0.1834124923597562 -0.2742617227241333 0.36008576013016813
-0.9975992992463381 -0.6209521235201083 0.8000001109135406 0.8386279103575527 0.5774295677802144
-0.16743957406182175 0.4605016202825287 0.2058604904245802 0.30958101478823385 -0.9779923524960565
4
0.13147780502677886
0.4326625054587885
0.9016901937454693
0.13115023479628496