2
-0.30326818776340025 0.2828259601685452 0.5582483452494102 -0.08155414798468574
-0.2839893767499446 0.5918227055687117 0.8815086045913298 0.17764669873726824
3
-0.4042865366468229 -0.6510860882852969 -0.9736968393215044 0.8580478183136195 0.7472449903785845
0.32398636027012095 0.30568427704258583 0.0952926484776564 -0.08930374371862992 -0.21804514127661268
-0.8862791626718649 0.40022748861928803 0.17425243939897328 0.05469712873990584 0.2716859170972885
4
-0.6874417810481848
0.9912885890919181
-0.4325621432663016
-0.8370161141971617