2
0.6807178945969599 0.46037912038612405 -0.039155854245362054 -0.4518606574623931
0.6924526249880738 0.09395077443669386 -0.22635786692770554 -0.6640606010948862
3
0.25907863250911345 0.0064855308322411265 0.9680357608826851 -0.5184082201122013 -0.2665967857937477
0.8608875067326005 0.7424768999784261 0.02488597001655246 0.317693630506535 0.7178249978961857
-0.9168161314812866 -0.0066095071106391234 0.07148744461177836 -0.6546233052120689 -0.18685479414339556
4
0.5905225951897417
-0.3649063404939583
-0.8917355619055398
0.6265643381335448