2
-0.8794858539634136 -0.8555147107648138 -0.4076803073706272 0.3634364492157707
None -0.46734614017133325 0.45389404256650856 0.7015211299657991
3
-0.18249217628310266 -0.8477055482631684 -0.1471828929586072 -0.7731005113753642 0.693442962210127
-0.9720415479741895 0.47665349042295224 0.2518059488328015 0.21555065900824966 -0.24417035299483225
-0.4248206180161822 -0.7213255578692788 -0.9529345136933784 -0.9256586532234521 -0.43241366290081484
4
0.1578923932128955
-0.7574858100678983
0.24369008281171523
0.6226024659188154