2
-0.06324865915832234 0.5955447734102712 0.3452569608550171 0.9131486649044414
0.2148080418445959 0.1223546910399842 -0.791383883527065 -0.27106252443597834
3
0.6028789684758591 -0.5570072262899759 -0.45407073280470356 0.2397678170544324 -0.672762694200532
-0.4377318385756297 -0.22847874161163428 0.22787335321736735 -0.08799294660707746 0.9135450990043383
-0.28927795146746416 0.1534922194439372 -0.1543927690958169 -0.38938606887327487 -0.033439777620872135
4
0.9921085354311887
-0.7767782453279837
0.9261902477629678
0.7305626781750969