2
-0.1122661386005952 -0.37467094065472684 -0.04958135620714654 -0.9376194349591702
-0.6909517847738007 -0.10096779826850266 0.4985542006972252 0.1843701266489337
3
0.30266754311145183 0.5134821232499149 -0.9124655225060088 0.7654799824637828 0.8355567711044136
-0.8756465960572082 0.5907281362343884 -0.8251339217803091 -0.2773964870376078 -0.16927475575185968
-0.5255795900705549 0.8455436219432431 0.008261324445537621 0.8281287445168073 0.4719527874792171
4
0.16352151876783672
-0.6309064004181129
0.9327984168725247
-0.012710748691921347