2
0.26363825660120166 0.838165513163881 -0.6172488498359869 -0.05653396449109893
-0.08448546890884456 0.5792286123985921 -0.20585268008911184 0.994489893158309
3
-0.7842406590119566 -0.5385143472177785 0.7182279312523732 -0.7286404401882436 0.5839163953972961
-0.643968966611896 0.4913836811479395 -0.16014225588491682 -0.4785618832735863 0.20895934958963358
0.6873782897659133 0.7405951584671278 0.4440173467935207 -0.06761002573581187 0.6793227119692757
4
-0.3610803439639019
0.41775601628152903
0.8934209722939437
0.8406956294521828