2
0.2539373801763083 0.39605831925010504 0.6856509706918541 -0.8384616554778164
0.6657944282700545 0.9905515604468136 0.47842542631424023 0.13525459137836582
3
-0.5019029451731218 -0.74776903000303 -0.0892585255741527 0.6850071045841739 -0.3928946642586435
-0.23900038814959723 0.07515791679898554 0.3497354760772047 0.9600850343874061 -0.8736373971529809
0.4046464297742911 -0.7578763983593808 -0.5872644084556884 -0.8420391353788499 -0.5740273347437368
4
0.2753294130222763
0.9244134170642659
-0.5424814759720635
-0.4315634936033166