2
-0.899553012448149 0.7948655681922057 0.8499383597918027 0.5046884129148423
-0.5866173234706897 0.9219284851947231 -0.003356700042043359 -0.10820456040562276
3
0.22236963590448244 0.7976309981803889 -0.04251875756809098 -0.800489253101343 0.8822602310013921
-0.7950242532472336 -0.5077852958939155 -0.2290508663938815 -0.15606779625563716 0.47851929065531795
0.1692995017981449 -0.023958126388746948 0.662741655224399 0.40629840611976964 -0.19478941604249767
4
0.25516090969829763
0.35633739255956787
-0.23093671173695185
0.4991131131278266