2
-0.16249520774515736 0.8166975781329857 -0.7963390824810308 -0.7473414069616511
-0.4021877307959001 0.8817348718896509 -0.4299958222235569 0.4681107072977364
3
-0.013225036083455155 -0.23759292877344307 -0.7940869229087995 -0.8469610789864757 0.10222922980195226
-0.8665030190604508 -0.8849328541565868 0.197609857998591 0.793045152683242 -0.3891831169517401
0.41358993485006157 0.9135416741091464 0.5122112836491646 -0.7485965631792675 -0.5400337991318773
4
0.4619846132011727
0.5755451757465337
0.8279574010687185
-0.08471156976568706