2
0.5390068483842403 0.12747478622640007 0.9325320596320126 0.03279690223626086
0.48091383671279275 -0.16504989231838518 0.5574435632806682 -0.5046408213666773
3
0.17022962067109715 0.1843332840068863 -0.8739888989275435 -0.14886617651838496 0.570322145920716
0.7864011771837605 0.8230365349197184 0.4235254871322749 0.6862016795604231 -0.5934435261545037
-0.3319910436526876 -0.8454668099596256 0.021478366628530976 -0.11490939587863491 -0.42878769241470405
4
-0.33804181641575615
0.13796388149054128
-0.36317816562040695
0.7668403572360314