2
-0.3953791217742866 0.5309516478687386 -0.9685145700044075 0.018318842098927535
None -0.3557776446091503 -0.9667414619932657 -0.542007182551814
3
0.6465841820199965 0.891348793849682 0.3107457021475464 0.7871633563488087 0.16323254600586612
0.7087961154335192 -0.2646044304799515 -0.9643174835658168 0.0347852326414817 -0.6964268904229394
0.3369594049695268 -0.9782259286336512 -0.9910789393799553 -0.32331837273998776 0.13730730050012574
4
0.7449032503450692
-0.9584584662833269
-0.4767575794278185
0.6203628691633363