2
0.3392362946955998 0.9771120008512355 -0.24520964438613557 -0.4604091369301626
0.22304769843797856 -0.8759462620770484 -0.09005902928258824 -0.07598329326539588
3
-0.3972367766606064 0.357357778066574 -0.3919965830096672 0.46041034300966177 0.9320892679044721
-0.7480959120505046 -0.04228404268833752 0.1117857164002769 -0.5622453316970337 0.5796197077311933
0.22583568525677 0.8860832392356646 0.0028578167284574185 0.5816758093186609 -0.7470678647644817
4
0.9939771868479133
-0.10492293816566844
0.8408719767561958
-0.3530802702030724