2
-0.9299783119045586 0.16890190186526355 0.4369102307493735 0.35660394833783293
-0.17696000283272117 0.1291190531104902 -0.7254640454420116 -0.293479250063575
3
0.01465476985530767 0.7364431306082149 -0.8654451933230878 -0.5846241066739923 0.3558181168631014
-0.732729487539171 0.7303537894116505 0.3501364960210289 0.8591289825443111 -0.4682289821398138
-0.47234070146922 -0.1560458507820921 0.754179091199086 0.18560711819071818 0.5381798338482826
4
-0.3534407794271406
-0.5197221286487692
-0.2777220592972989
0.7860615958553872