2
-0.6461240815283698 0.3564680471004258 0.41628605325228674 0.17037575962621254
-0.18073039253334366 0.30158464803828666 -0.3904749102214744 -0.46450424483483443
3
0.072439446302208 0.8554566037626714 -0.6841174931142087 0.7578465768213314 -0.8845803494379092
-0.4889726524017812 -0.6118607244593801 0.9494219237860637 -0.440809602396006 0.6349323204065165
0.9780015490458023 -0.8097495316055736 -0.4222513857229202 -0.8851277950944318 -0.844082330739818
4
-0.06540927054360002
0.6903947151425243
-0.9609231621513812
0.8376761366765841