2
-0.5605392579161377 0.49435610470234015 -0.5125644595362355 -0.4350473067236795
-0.4867931896528759 -0.7512519266086446 -0.16902244503795538 -0.1058086184381013
3
-0.4462877368625435 -0.8548898323347387 -0.9656448996518894 0.3272783310472489 -0.9119852947457774
0.8195577235418126 0.2377578235898683 0.37295238948476483 -0.5026407896717777 -0.11777096579956092
-0.6736824541307675 0.042714186950143285 0.8259826719362116 -0.31897511889569685 -0.8961804197166654
4
0.6418323994152253
0.525688481656688
-0.07815630416669794
0.11263117702993641