2
-0.7501706360426414 0.4980059872299565 -0.15051024534126123 -0.7222838580062623
-0.3711333468157483 0.792162173854563 0.3329061289535782 0.9664893998024993
3
-0.8138216085944803 0.37759106182943025 0.38101396121168296 0.6180982229207919 -0.8779278754327478
-0.9224586533150894 0.929808105085753 -0.3583571286371421 0.8707593766108468 0.2114386467124576
0.8137780914351782 0.31435233136688057 -0.5491357030532307 0.019425921945269264 0.14693755313712842
4
-0.5718079791762256
0.2513166440432695
0.4043760924638087
-0.6188274410722072