2
None 0.48481265311877064 0.7485271593715217 -0.6964707845203582
None 0.6682176459862605 -0.6912088577717335 0.775940652727269
3
-0.44738686240497083 -0.4937780049014784 0.6883394556871076 -0.40512898005249354 0.4936962684489221
0.05939491767691796 -0.21695532447988497 -0.33074108964132276 0.015267084481827009 -0.1495011938867825
0.8223066309311573 0.9195565820572642 0.8121153022681826 -0.7977479599751249 0.01636069180811628
4
-0.854141214351299
-0.5454401404817373
-0.43620884347538835
0.24538741792566166