2
-0.6509944454302654 0.3564680471004258 0.41628605325228674 0.17037575962621254
0.23789681290233933 0.30158464803828666 -0.3904749102214744 -0.46450424483483443
3
-0.6144785755382525 0.23681270993530412 -0.4618623307395273 -0.24733159453119624 -0.9404560302218465
-0.4406946326297021 0.9123415426916377 0.27285800053513554 -0.8765133470578408 -0.6098333288334896
0.5943523767831211 -0.5159295670678989 -0.8179008846974003 0.6962719638105355 -0.051048146161778885
4
-0.06540927054360002
0.6903947151425243
-0.9609231621513812
0.8376761366765841