2
0.4650654486413315 -0.809164434422273 0.35852541658643267 0.41637001795954265
-0.48345345510386184 0.8428357557705777 0.32217170884229396 0.9388253250478773
3
0.1618286044151387 0.6253974205365604 0.7169526131554234 0.0805390346987116 -0.45377646228573454
-0.07718441747274163 -0.7167122836292052 -0.180513770233673 0.4827362669985362 0.20843960064889577
-0.49944706942229256 -0.6821039489108738 0.9832481212816164 0.30346014388950526 0.5442818147620294
4
0.08041977682106194
0.7527389860834597
0.45212009764804706
0.606813008600932