2
-0.08556312823750889 0.25413701834225333 0.9968647444805527 0.08311788009692789
0.5796131070451267 -0.13801280616275546 0.9348534173271084 0.8562324006091191
3
-0.7365174135736912 0.7262970697580995 0.20585175242949405 0.4429023859876411 -0.4427650008407793
0.38183649608729 0.6784587502225281 0.7596953782318827 0.056648697309623186 0.7585055783716186
0.6191743244676489 -0.4443637612177458 -0.3705806048241591 -0.7829900450923604 0.8018565558806976
4
0.0392927220903494
0.5692546298194423
-0.4676618199907938
0.6069669751162852