2
None 0.31351155683676857 -0.7661999120294356 0.6976532000024471
0.6532993894310357 0.9131970883241096 0.8444623711771881 -0.6565045011591835
3
0.27009954982030626 0.34313097445721397 -0.9435258499491672 0.76094941839929 0.14252526307486302
-0.3479869093510839 0.039564080317095796 -0.8138197326913592 -0.9483738044673453 0.6178727986203154
0.5819361982785507 0.20277593311116515 0.7088641758784346 0.2502300856071984 -0.6075444746574568
4
-0.1893511339289422
0.479391327191266
0.8360333704536012
-0.11504685999297659