2
-0.9544112952185098 -0.5066726212154546 -0.47036144888113496 -0.13685327460575647
-0.8600730316658496 -0.5523675739051477 0.6896735156587759 -0.787458940851679
3
-0.1121701106994144 0.886366890503939 -0.8442510485799943 -0.24221628910863724 -0.20870135603276463
-0.3672827801496348 0.8906811171126345 -0.39641636680122105 0.4725663668720206 -0.0306974750360256
0.8066528537683819 0.733089352699676 0.5204488766979503 0.7386743662911004 0.14009309734277475
4
-0.11565032838017708
-0.9811362025942783
0.049226114184513614
-0.330577618580145