2
-0.9389781463913849 -0.2782625228967426 -0.12528441158530046 -0.923350133628067
None 0.6647540013395519 0.6491341079627446 0.0806133038639234
3
0.6313312848045618 0.193925168564119 0.7364475803799786 0.9962941508785723 -0.27648202700150026
-0.8194425290065452 0.6408345001145308 -0.46377094491353654 -0.6686437887626984 -0.18691066318864102
0.3458691606740736 0.9494999069521564 0.7396163573845156 -0.4649178206476121 -0.38519699146342656
4
-0.729026241967913
0.6442586466446489
0.8982541700213522
-0.0993381655989174