2
-0.8665169182671477 0.25413701834225333 0.9968647444805527 0.08311788009692789
None -0.13801280616275546 0.9348534173271084 0.8562324006091191
3
-0.13187791862072573 -0.8009846165075922 0.6353773773714693 -0.7613716358338876 -0.8214051690121549
0.7330535098355015 -0.9010472306353434 -0.6620563480426656 -0.49307643442216276 0.8474150456898757
-0.26106960368526466 0.8007032877380691 -0.8598748891441108 0.6245537747883769 0.8761488022573578
4
0.0392927220903494
0.5692546298194423
-0.4676618199907938
0.6069669751162852