2
0.8758088434659272 -0.2725305383729706 -0.9190755478271206 0.03476691832080081
0.5955038972823337 0.3254512610121767 0.03708315375279292 0.25850026649914204
3
0.999517073596387 -0.30155031004097754 0.06482640402765716 0.4080371530593878 0.8152499900687453
-0.5910118472167909 -0.6382027848196943 -0.6340288047841292 -0.1207668099007908 -0.7192798465194035
-0.16776862668515058 0.9132708721507956 0.7279406713303354 0.9976207825940131 -0.9112735051975733
4
-0.36663892130451803
0.8166351497163473
0.4284721791959287
0.5821111768771141