2
0.7350243195802939 0.7833776704222775 0.7412180430208744 0.19637364670299262
None 0.1425706607924775 -0.7515929188597039 0.9147132692275985
3
0.6617373180951855 -0.44160350686518535 -0.047257233301702506 0.24136175015244388 0.7259861924687261
-0.6486272696128921 -0.04160574599196365 -0.2067089381551761 0.4636094420914749 -0.04856933266836205
-0.6926425737914896 0.039456948460648844 -0.6453654366608925 -0.6065310154930725 -0.13031213998055957
4
-0.1286746558177707
0.4903903513131318
-0.5530373338381829
0.8470224508910493