2
None 0.7716686429574051 0.5964621287411092 0.7704080913140972
-0.21092003198868503 0.13008852817752437 0.07541403479148379 -0.3796178980291327
3
0.6855246664750632 0.7126757554539729 -0.4206873670743998 -0.3899310061863521 -0.527477990450314
-0.10001032350192496 0.44675227153093644 0.9518176882431635 -0.005294405198475571 -0.48330481289606153
-0.05537124455776121 -0.17443320796095185 0.09124605076410619 -0.18041369597047652 0.9838546560486001
4
0.007214013509022621
-0.6227456766822845
-0.2960839895947798
0.40005314301127504