2
0.7136224443816128 -0.0033432747744184255 0.15980486020323958 0.6219865065662604
-0.9997147313706916 0.11060641890258505 -0.9733487857073593 0.5921387469789572
3
-0.4260076903619199 0.7124043535893678 0.8780157022613599 -0.06761697174337544 0.09722346553000549
-0.22400796839023052 0.5976540873568326 0.23815242266080694 -0.881420831574729 -0.3175969851058298
0.23982256386388245 -0.6839883158755515 -0.005861041150022617 0.23336832679416797 -0.5364322879948487
4
0.10261254872487413
-0.4882924247539502
0.1799537511531557
0.4004441785819446