2
-0.7898137590809502 0.3564680471004258 0.41628605325228674 0.17037575962621254
-0.4417142563433052 0.30158464803828666 -0.3904749102214744 -0.46450424483483443
3
0.9715907201647054 0.804751641951795 0.006277847044948048 0.9603296871704543 -0.3299584132049973
-0.16312872141784163 0.42861646999716596 -0.778084080923219 -0.32589193181333154 0.7027824872741493
-0.47476915586420154 0.5943058109614268 0.5749732380639028 0.6629148929116462 0.7155350548202803
4
-0.06540927054360002
0.6903947151425243
-0.9609231621513812
0.8376761366765841