2
0.6117586509933097 -0.38937491374537503 0.15918610046611525 -0.5121095406764087
0.39438874262932244 0.08801473698997553 0.5997322979019406 -0.36608189803860514
3
0.0072794526578214835 -0.06344768349080265 0.210288078567481 -0.7977030610612255 -0.770971500160748
0.05014538308601746 -0.8427580222085314 0.38795905435480504 -0.6664662696097974 -0.6568276710192673
-0.6550739857055461 -0.01584613895091569 -0.6097625241540314 -0.3947708336757014 -0.29523306947032824
4
-0.7481898074581674
0.28723602723557473
0.4750106231246811
-0.336034485196552