2
-0.805946995959496 -0.014387647624849453 0.3693282906254749 -0.36775459773660546
-0.912914143828573 0.8611786630797942 0.9917233848865807 0.43587772842700456
3
0.647948557665593 0.909526129850859 0.5311310967174507 0.5418520849243915 0.7713282349068706
-0.2796239877097242 -0.20896404320392126 -0.17050975023182469 0.5941669379611945 0.40418392571611284
0.12062860598039493 0.34807560399457405 0.24042352560138336 -0.7987612422442847 0.6882274745148309
4
-0.8477331238926396
0.7632448296029295
-0.6639279840810297
-0.5020203681284789