2
-0.6437133637549284 -0.809164434422273 0.35852541658643267 0.41637001795954265
0.26122203588192616 0.8428357557705777 0.32217170884229396 0.9388253250478773
3
0.2831770076376605 0.6159011313211566 -0.534550358506364 0.9455837311826847 0.6776925758490722
-0.4431504417893559 -0.3634455228983988 -0.3054003629401112 -0.0985314676126432 0.34090353291086584
0.39694448638837265 -0.31928569792670736 0.17841777735721798 0.18125804909571008 0.9001969831394454
4
0.08041977682106194
0.7527389860834597
0.45212009764804706
0.606813008600932