2
0.16843520090933461 -0.809164434422273 0.35852541658643267 0.41637001795954265
-0.3092299820486637 0.8428357557705777 0.32217170884229396 0.9388253250478773
3
0.7051451012815055 0.6159011313211566 -0.534550358506364 0.9455837311826847 0.6776925758490722
-0.15455053866966506 -0.3634455228983988 -0.3054003629401112 -0.0985314676126432 0.34090353291086584
-0.03301537702234225 -0.31928569792670736 0.17841777735721798 0.18125804909571008 0.9001969831394454
4
0.08041977682106194
0.7527389860834597
0.45212009764804706
0.606813008600932