2
None 0.7537581154803117 0.05933702577840472 -0.607369191949171
None -0.8709567239504206 0.7166589606597789 -0.335922375372935
3
0.7790691939262604 -0.6706393452228294 0.022184342122246514 0.5430780855643147 -0.8203179649851549
0.027241949157725154 -0.7615653937453715 -0.24032203507294847 -0.12832229233523096 -0.4741533050252713
-0.0655218744852375 -0.1550713471222429 0.4813024540805384 0.5607323301809357 -0.3164198800748672
4
0.30153796422063595
0.3575553199000723
-0.4874315676359633
0.2757987188336053