2
None -0.22902426569732182 0.5608905423047472 -0.11474139924883331
0.1396205841267879 0.2633356639363367 0.8100285852664748 -0.8895906708642543
3
-0.702033452390822 0.36204952065814555 0.42037274499066335 -0.5919586154296368 0.9355771029233262
-0.9243448348912879 0.39481263958096036 -0.938592968111218 -0.8618954538388348 -0.5055221352055279
0.0051404049557948195 -0.7203998999342636 -0.4460368751506849 0.4658118636117008 0.6738093303233459
4
0.018190915515353234
-0.5180611456797288
0.9169201509264586
-0.37791651625300493