2
0.7333224744615947 -0.7316867342997109 0.20427663066043045 -0.03798236903521324
None 0.1770494019746478 0.2545634432061312 0.6994615041533934
3
0.25683794462915466 0.8345588800561863 0.9156056457036625 0.22229227683186692 0.2464615086340145
0.41410602420434106 -0.673076555942377 0.7995202120769573 -0.966548228544053 -0.22776441419616256
0.6546569518381653 0.9038880059500101 0.081286627862597 -0.9949758191886746 0.7042424695157594
4
0.5151098215443246
0.5823728598651075
0.10110010919742285
-0.7038651831219238