2
None -0.7680820877098422 -0.6826314797901869 0.269114929209205
None 0.47173892297126097 0.569354269610848 0.6398795299259539
3
-0.4333051776070369 0.8413974073259869 -0.0798908052794014 0.40579390477761623 0.8750127556410694
0.4193635096298789 -0.3234003533526504 0.5168711541877402 -0.028429141449054507 -0.05795173769085871
0.4040476297684068 0.8719022355688462 0.07945308437336895 0.4060048239382301 -0.3367795796625934
4
-0.9112234505251564
0.9737174352324134
-0.4313198990121747
-0.6657574103954975