2
0.2762165487534849 -0.017594572447277912 -0.3247456084913649 -0.5821180903651082
-0.08562032083909732 0.819225277241791 -0.8711147891648272 -0.4516096276733317
3
-0.17563966279976007 0.9269414467807722 0.26636912489662823 0.7494583073940901 -0.08204866329103866
-0.1357570022858221 -0.1950326506997937 -0.15127849057435427 0.17344331123738188 0.6357802435496929
-0.40692241036739984 -0.09181713095860844 0.4766061307205465 0.9009183959616966 0.746755711903863
4
-0.4762918328420045
-0.8193147612273681
-0.42002885195970663
-0.5475323244345311