2
None -0.9962351969413641 -0.337029207802126 0.37673297844676923
None 0.38811515626076476 0.9243526922690757 0.9239239174788376
3
0.9151018136140228 0.6479486855516803 0.8274051725390235 0.9461757665537349 0.19019564764887376
0.6806754645115591 -0.7113155300201068 -0.36322593690309657 0.3969171343228268 0.4957621966212111
-0.20909997626290355 -0.618504074354917 -0.7610765955174112 0.357661781194639 0.9023713166343457
4
0.1319610730377403
0.8788319418412263
0.7892359079437776
-0.5649114822205918