2
-0.7283946630655114 0.6471211331669371 0.3572033898817806 -0.7617405619934767
None 0.509737790750894 -0.034636823757982826 0.8288906668135914
3
-0.23949968952406064 0.780832406366621 0.8906171944387629 -0.01686896193393994 -0.6439252473491837
0.7756336776337203 -0.09230133186434619 -0.7319073680839507 -0.5289679116473867 0.4624479847725611
0.4075861855400895 -0.6182353190800585 -0.7837315082957692 -0.9032271943070109 0.29709889907751874
4
0.6880771713746601
0.9351351281126159
0.6779174111060029
-0.30780597970069623