2
None 0.15040445384716272 -0.033738380631807674 0.7496177126594494
None -0.9095121313537864 -0.9121961024858996 -0.9132627168945531
3
-0.2654179973096673 -0.5586512635670748 -0.6783362640580379 -0.0680848434981598 0.17500741258018326
-0.46187121587178903 0.3004547751659201 0.6134859402003612 -0.4058706912230152 -0.4291000486078924
0.561078132231682 -0.38138307877894295 0.7881664455009858 -0.6262409266424451 0.09411754216359713
4
0.7792360592255152
-0.9065775879983262
0.9197186185449373
-0.033977150160070524