2
None 0.45007343326735816 0.1455314027680692 0.8755844532012962
None -0.14838905962571336 0.5679934014209793 -0.7175473769444161
3
0.5842751096991239 -0.3869855683304404 0.48959523051459386 0.9086674489059166 0.6207308165254937
0.4830433022620877 -0.025843063181662185 -0.8941736459367668 -0.15445897305337097 0.7972083027715959
-0.024409943721747984 -0.33109517989615744 -0.05117193308265722 0.25009535420175255 0.12900609789700823
4
0.399699972834743
0.5548620723067568
0.8967584422428119
-0.5893897845078593