2
None 0.5174098314144289 -0.07983399429184379 0.33334798371480145
None 0.3225934007320672 -0.9318509089530318 0.9527143342958275
3
0.40918912261455254 -0.03537884331680963 0.6339148129882137 0.5678583886527493 -0.27147569909377967
0.5749155366169485 0.09787222827976927 -0.28599281305670354 0.42713749400183043 0.5280942383224119
0.22597062234395726 0.9545822165909286 -0.04464430531580543 -0.0730750642402771 0.19168184317493409
4
-0.543522335926393
0.29374898294198837
0.2806890235117423
-0.9512440869276066