2
None 0.28065680766241896 -0.8830073914472236 -0.30882826528484153
None 0.33718603712325 0.3550012392205175 -0.7179939445020398
3
0.14784404282636587 -0.294774136358142 -0.4099852009189793 0.1254678064255874 -0.4127908434372676
0.34256662927999937 -0.6187089505997523 -0.6145330874632395 0.5241436594752964 0.7567905962367634
0.3932807928562223 0.41532689869797457 0.5892998078828908 0.5662845230614744 0.8946136162448823
4
0.13441001351595472
0.05516839061980994
0.24389202668965515
0.8992237491768635