2
None -0.3616673404097823 -0.03439718974840433 -0.2105190422783081
None 0.5618014436224505 -0.9583914162590725 0.08493005764629391
3
-0.14672757720908214 -0.07104506781350928 -0.99822891905811 -0.7382595721553364 -0.20021632934791667
-0.4153654995755567 -0.4374147902489609 0.3973636371434146 -0.9473323976753785 0.1978259346023883
0.9524860196472447 0.7618368665992254 0.09051922894413567 0.8402557804934536 0.18571926591568944
4
-0.007902222760773014
-0.8106592049557155
0.36674243946760243
-0.7467940273323943