2
0.2098146067275919 0.7833776704222775 0.7412180430208744 0.19637364670299262
-0.8410170631252658 0.1425706607924775 -0.7515929188597039 0.9147132692275985
3
-0.3921207933823625 0.9715682091983155 0.7426337075174858 -0.8645359719350414 -0.29563180794087596
0.756130904121644 -0.0625226163910142 -0.847558583318107 -0.9425229306009704 0.704009974583552
0.40984406764315584 -0.4940312093379906 0.35106549647654073 0.7655413502257082 -0.27748720447790776
4
-0.1286746558177707
0.4903903513131318
-0.5530373338381829
0.8470224508910493