2
0.8296174713447444 0.25413701834225333 0.9968647444805527 0.08311788009692789
-0.6406483057864989 -0.13801280616275546 0.9348534173271084 0.8562324006091191
3
-0.5204153105514255 0.5836756257730982 0.5936508998909016 0.6637696815277254 -0.3799377981270049
0.6384739101361581 -0.1712298992334258 0.2536188631322307 0.4562576131896541 0.4076077214024636
-0.8318415449299139 -0.031125885521719354 0.8248234824046534 0.6883367539652403 -0.7693100784636882
4
0.0392927220903494
0.5692546298194423
-0.4676618199907938
0.6069669751162852