2
0.15013063357366252 0.25413701834225333 0.9968647444805527 0.08311788009692789
-0.1278060292588752 -0.13801280616275546 0.9348534173271084 0.8562324006091191
3
0.41585549316974935 0.5836756257730982 0.5936508998909016 0.6637696815277254 -0.3799377981270049
-0.771657676764389 -0.1712298992334258 0.2536188631322307 0.4562576131896541 0.4076077214024636
-0.6922562737568878 -0.031125885521719354 0.8248234824046534 0.6883367539652403 -0.7693100784636882
4
0.0392927220903494
0.5692546298194423
-0.4676618199907938
0.6069669751162852