2
-0.621242974352179 0.06003723481141021 0.13535512389551396 0.6738405176876643
0.9073486007018619 -0.672688622110236 -0.6336378519808943 -0.7741918588678571
3
-0.9020348695170419 -0.8260782347658204 0.75182685690515 -0.41425813267028033 0.7873669262207073
0.3700573577550539 -0.3309337378344668 0.5531283358303389 0.5011230832251108 0.7045114224142204
-0.9198203939341343 -0.9508124125723845 -0.27389783007442503 -0.6733029487183524 0.6501016805447299
4
-0.2544160460637528
-0.03026949163861614
-0.13868625989898753
0.6396329820624371