2
0.5153131587634956 0.12747478622640007 0.9325320596320126 0.03279690223626086
-0.38462774657643206 -0.16504989231838518 0.5574435632806682 -0.5046408213666773
3
-0.9744012734084653 0.4062718080981189 0.7608643527886507 -0.8867811449337861 0.4997801798985173
0.708252214449745 -0.2686861423752549 0.6816866023993178 -0.7790098953460767 0.0019766558003417867
-0.4445189820403417 -0.30027222638629425 0.6531686353143813 -0.5694486850298672 0.7418084035544983
4
-0.33804181641575615
0.13796388149054128
-0.36317816562040695
0.7668403572360314