2
-0.9913697417509999 -0.9313028344352607 0.5842793997786926 -0.513099123268179
-0.34715766867376074 -0.6056169271069292 -0.489334011482109 0.6516462853718956
3
-0.8106582784223286 -0.9600277975472584 -0.8004240537793748 0.7056528034541212 -0.32226807630640697
0.020073023069821172 0.24630791355616988 0.39789349694521703 -0.21468197846132941 -0.5801549428313595
-0.46727498802665024 0.7347260513679159 0.766549721818587 0.8203754974707169 0.3939805241508736
4
-0.765497649286697
0.6166362718010725
-0.0995903115748149
-0.15136828295254467