2
0.2988450449645119 -0.8555147107648138 -0.4076803073706272 0.3634364492157707
-0.33669898537055865 -0.46734614017133325 0.45389404256650856 0.7015211299657991
3
-0.31790967021417105 0.37269902710637437 0.48004467941122586 0.46726443154864317 -0.4708017546678134
0.44634708465884243 -0.6607439396745474 0.11025619927732655 -0.2771431024914095 0.9535752538151765
0.26549806852777014 -0.9078561827240195 0.5295271328257734 -0.6830216396094759 0.3759337850277169
4
0.1578923932128955
-0.7574858100678983
0.24369008281171523
0.6226024659188154