2
0.08161560776665899 0.31880698442246613 0.6502627500767577 0.24902061867561365
-0.7337036647222976 0.7903486444322512 0.1679208747875256 -0.1813128769393415
3
0.634692991737867 -0.8551158561082861 0.5656000787909701 -0.36886884839803313 0.38615767624686637
-0.054927715316152925 -0.5702408971540469 -0.9680057310726875 -0.026479283758700012 -0.7428650578106437
-0.9268904124992732 0.5493506062980007 0.7855418669519587 0.3642969232686748 -0.19066327692023077
4
0.7558635139377485
-0.2965179809044731
-0.5632055632486817
0.8372498793217729