2
0.14413945230267067 0.5391363251574295 0.6010116068510025 0.38140260812869453
-0.8905677127548322 0.5678466124720059 0.16564540437955388 -0.04143922393964106
3
0.4193074075074088 0.9345970523385119 0.6123371707847982 0.3475313529086861 0.2281743832866201
0.6543313699996642 -0.23459160569030035 0.7233596057340583 0.8662687141927139 -0.012251225632942342
-0.2971648062674419 0.20832898469250116 0.7304180830581115 -0.09793362453620813 0.22931539281917668
4
0.35251049728078465
-0.9877502059051733
0.09915754707447344
0.8162753250078083