2
0.9756434681158068 -0.81122871330558 -0.3694191680311274 0.8082068232448161
0.29545218315193056 -0.09934501962344 -0.49886731327692035 0.8100903830124846
3
-0.3652659976095616 -0.0633178241770882 0.439422325344067 0.3273658104346264 0.601584106873859
0.7576359657009957 0.6908745958893445 0.9942881486753958 -0.5300679147166318 0.292855215449499
-0.25951156334052916 -0.5935658869842806 0.035453057081560324 0.06399762525845953 0.7412095080787602
4
0.4715801266659041
0.21338702243424557
-0.7157755363668792
0.15753819974451044