2
-0.10991259753071492 0.3550540383903693 0.11109088615491469 -0.9385765418697205
0.4176150657197035 -0.2932913951142604 0.5640086854883273 0.2718453206149274
3
-0.6273712802371687 -0.28888693012311584 -0.4202987988406923 0.7089774828034263 0.015066600248058393
0.48231890843727476 0.5660816709405805 -0.7739182101330819 -0.3247902028911325 0.25506483035754934
0.32553499836315747 0.6996449404479246 -0.9253284065594294 0.027634964072664303 -0.8306503098124949
4
-0.33309066375361396
0.2280277084396014
-0.5959151160693452
0.4133269303311271