2
0.6577351109200207 0.39605831925010504 0.6856509706918541 -0.8384616554778164
0.7779462297519086 0.9905515604468136 0.47842542631424023 0.13525459137836582
3
-0.32438045243467006 0.6902441003153181 0.8220064025439107 0.445782088015954 -0.7777429368631672
0.717646373690837 0.42337511619140056 -0.5328823080258243 0.14667119140094953 -0.9502162504781857
0.734963465260583 0.20461559700662546 0.18148947564658657 0.5840626032971179 -0.5212634812179775
4
0.2753294130222763
0.9244134170642659
-0.5424814759720635
-0.4315634936033166