2
0.8707524783964098 0.39605831925010504 0.6856509706918541 -0.8384616554778164
0.1152347570512835 0.9905515604468136 0.47842542631424023 0.13525459137836582
3
0.3593295743822471 0.6902441003153181 0.8220064025439107 0.445782088015954 -0.7777429368631672
-0.6981410974217954 0.42337511619140056 -0.5328823080258243 0.14667119140094953 -0.9502162504781857
0.38278577685783133 0.20461559700662546 0.18148947564658657 0.5840626032971179 -0.5212634812179775
4
0.2753294130222763
0.9244134170642659
-0.5424814759720635
-0.4315634936033166