2
-0.5526986354993477 0.24183425130347258 0.09461751854230305 -0.8244734351021563
0.3901110069313525 0.36961106161645607 -0.15258335850806137 -0.10150614006239023
3
-0.3754270638971766 0.4711919929752435 0.8447993483410419 -0.655156193342507 -0.12172341604840864
-0.300655761485791 0.30596942202572985 -0.5413700793235035 -0.27590232565823736 0.1385654569175072
0.5028311645359085 -0.7821679401164165 0.13242274236792695 0.44058787130439026 0.06834273704410765
4
-0.6563959859862281
-0.34078294823629673
0.6716626760214941
0.674434732661688