2
-0.9564891474202357 0.06003723481141021 0.13535512389551396 0.6738405176876643
-0.5166247492173726 -0.672688622110236 -0.6336378519808943 -0.7741918588678571
3
0.5521878721949707 0.8981543853566227 -0.36095452036954767 -0.5201118505678188 0.5208674596148559
-0.28576049871926634 0.18838634429024426 0.050994133564702615 0.3232314094729787 -0.16603230708870642
-0.5930565591326324 -0.4779356976065725 -0.48701777208590147 0.7004014353570995 -0.601500514516067
4
-0.2544160460637528
-0.03026949163861614
-0.13868625989898753
0.6396329820624371