2
-0.19438045167740126 -0.6275755886371572 -0.9735083294261351 0.3963533074574386
0.9726712637528203 0.1343860987946135 0.8677782419916862 0.8257217835056501
3
0.6115901925797365 0.3523310286800143 0.8316405892518923 0.2726356007887627 -0.6377202365447052
-0.5998638814193338 -0.5449736265758485 -0.9818905993631624 0.16888612625730048 0.1546963592040005
0.09054268471119609 -0.09341570518766429 0.223357103919545 -0.18878368884533514 0.3887452618222291
4
-0.8630238083073887
0.3868353651488632
-0.6723919439724086
-0.799069852838199