2
None -0.7854520249369747 0.7901604510729676 0.44096877944176294
None -0.7362936069296804 0.006369262453004065 -0.9564362493294347
3
-0.3497531689580624 0.8624782767717156 -0.9679541447114148 -0.05330334820824012 -0.4674225136848902
0.9457462842848516 0.8371787884847177 0.4291157649698034 0.43376734445621246 -0.8924782017462063
0.590765558295073 0.7039476872525856 -0.3368440763879599 -0.032962059993764115 0.33621890089919426
4
0.8452059915143011
0.22628726712623792
0.6856976835229882
0.8496937588612621