2
None -0.5259332432842294 0.8917174186386398 -0.29326600277499426
None 0.9951125149576809 0.2886570286980903 -0.7708534400296774
3
0.908318950381813 -0.07603967047797089 0.7197037202584513 0.5095360008689647 -0.4171101797207952
0.2243593093242806 0.07823408869858528 -0.7870025447190538 -0.24450344370120924 0.9869008906019994
0.9713488280546327 0.6855913193104797 -0.9731875670254311 0.5961898310683353 0.8402814037850488
4
0.22626239410381443
0.05695810579002325
0.683395245784477
0.7396415662751135