2
0.5491323804491477 0.4250369592675809 0.10999727440169393 -0.6988815680930045
-0.6529966855101137 -0.34815832358149135 -0.9676680209300175 -0.822891973241715
3
0.3174233366511372 -0.8122083544141225 0.5031716829501902 0.11449088143020436 0.092752030085677
0.804820578004044 -0.42727737334494265 -0.33975469102818145 0.8534735172263104 0.20347437763391785
0.2510400686016747 0.4201315482692536 0.5872055204646862 0.6887769497417371 -0.15726426701975882
4
0.8956759835812991
0.34862045751953774
0.570838815977315
0.8204697189423027