2
0.6622898257813512 0.7833776704222775 0.7412180430208744 0.19637364670299262
-0.23696878986754166 0.1425706607924775 -0.7515929188597039 0.9147132692275985
3
0.33848762743690397 0.874566118493149 0.9640784146215422 -0.5442114667015818 0.3435638829539791
0.23240394275720022 0.40307580395416687 -0.41375998540456105 -0.47093830861652264 0.058830711767469346
-0.07474468663191902 0.2111737206491 -0.9537371343877579 -0.5605915131952388 -0.040476532046318514
4
-0.1286746558177707
0.4903903513131318
-0.5530373338381829
0.8470224508910493