2
0.6687459768731661 -0.28842575849212504 -0.5696000031622601 0.03469848102385398
-0.5060253402729356 -0.6998242186496599 -0.2753187218114448 -0.847406365543605
3
0.7887059068395157 -0.4944295944089532 0.5275488440039211 -0.39202404119732037 -0.12791687627511816
-0.6474598468775163 -0.5372989292939343 -0.762831320736685 0.13070534157793845 -0.7337748754663098
-0.6388312622715482 0.8383665068722381 0.39305285111006727 0.2924137128898876 0.25705224465682264
4
-0.029429143496761734
-0.6337793938756255
-0.6552430103205102
-0.777344213031985