2
-0.6442616993495891 0.3773445773541708 -0.1951829396499858 -0.0320051254800755
None 0.3845163174652806 -0.8872353936973563 0.04881934835352375
3
0.10850516281342037 -0.764846998286814 0.05845118580838626 0.6193895312514652 0.038549897779133424
-0.5287394323479842 -0.7156794781290343 -0.8755294493352648 0.8673330861347137 0.09414115151899893
0.3140574826345577 -0.08368868495021764 0.10744304111289149 -0.6221830863962861 0.16283902283418472
4
0.24728163646486778
0.19524736486278527
-0.2548009220997103
0.3317046621677133