2
None -0.09576430274484915 -0.8590381295343112 0.024086165460470044
0.4902675098405491 0.028231412030379932 0.8846000103278475 0.69475743013438
3
0.15750771056901725 -0.37006337729140926 -0.7651242984446878 -0.8954336425375469 0.6756746931352651
-0.7837027035787694 -0.31686286505679906 0.21543824906823983 0.08299312027573325 -0.17797924341353588
0.6419737508284358 0.6752332894185689 -0.0747761439629071 0.24570422541818004 0.9681140817010367
4
-0.9957148408232157
0.3621097908808897
-0.3460042159480621
-0.12374746795753633