2
None 0.7175506816871733 0.09808451356164838 0.5803103974307517
None 0.9955571048276526 -0.9908176233281383 0.5870443947714479
3
0.4407409786875236 0.1795092223022563 0.6021154967781253 -0.578652306185615 0.3550374589305727
-0.2701121148735861 0.8257919471121649 0.44154642068297845 0.3687145927870874 -0.5507574273537423
0.8803704721631489 0.18793860828100306 0.47822541176632494 0.8190554652846018 0.9607927372606098
4
-0.5779570942722883
-0.9111405868922424
-0.5751896154654212
0.25687955182780664