2
0.07218700256422128 0.29806053381646014 0.44464449399628303 0.7285427436100915
0.42036015266795523 0.22659314022368648 0.7706968180435889 -0.8619655805964039
3
0.7516865935031194 -0.29454778364360723 0.8890461580389069 -0.12716162754998672 0.8477040758767938
0.17419757622881926 0.7995530117613519 0.7570367139407397 0.24988887117303138 -0.4365818383290425
-0.9991853304791796 -0.7091936039596074 0.9916829656877577 0.11324911003019089 -0.8973881899284739
4
0.793556771778714
-0.9957270635447069
-0.8081712644635806
-0.41033491442546843