2
-0.2896176567983022 0.7833776704222775 0.7412180430208744 0.19637364670299262
0.5228832433766655 0.1425706607924775 -0.7515929188597039 0.9147132692275985
3
-0.47722454292587746 -0.8762677138386332 0.805535170843523 0.5258430640417335 -0.6435874867645983
0.6539110594385587 0.8027741166185582 0.9276504011464641 0.2028615900770132 0.08692483015648356
-0.5105245981457027 0.2998136360531025 0.47744081567858143 -0.8653308227299548 -0.551421535261458
4
-0.1286746558177707
0.4903903513131318
-0.5530373338381829
0.8470224508910493