2
0.2069046901148186 -0.3005770198217912 -0.2998571869841662 0.938973077706108
None -0.791695146321765 0.07890668267147549 0.1662684603620861
3
0.6404283979992822 0.7466731088743539 -0.583800298707911 0.8516718942995076 -0.23273028443735533
-0.7438294433265751 0.8189710954364458 0.6749445095427664 -0.8689295247260582 0.38502536184505676
-0.38539376446943807 -0.27799343122863185 -0.8939899103324873 0.3640016244869675 -0.7248609074976822
4
-0.7029009797715495
0.3885041836813041
0.8290752405409303
-0.03512190143387173