2
-0.8468692516587428 0.796360863438053 0.7821625480750853 -0.6000227728214771
-0.828491246469486 0.8692977735076828 0.7980902693705678 0.7168608560996665
3
0.23329035666557218 0.5578178648726093 0.8594537110204565 0.8057273755667913 0.7098834370492269
0.25844182377239555 0.933619409973377 0.1861176653052432 0.08697426860252389 0.4161819523098884
0.238232064230526 0.657048942706473 0.22075165034559374 -0.41685586667894703 -0.13955825158920931
4
-0.19991719042119072
0.8539147058065255
0.47431811223945197
0.7386796585029283