2
0.6999412094310058 0.12747478622640007 0.9325320596320126 0.03279690223626086
-0.38847403892955956 -0.16504989231838518 0.5574435632806682 -0.5046408213666773
3
0.6235998594439183 -0.9728765816476586 0.19624522689324375 -0.04881380171550287 0.9968379664945948
-0.8989349832341782 0.2149304109227217 0.11300535791025412 0.6980965416184506 0.5023024586795364
0.26987009815245044 0.0848049385174483 0.7284183143466982 0.6784286843188256 -0.8609297416157697
4
-0.33804181641575615
0.13796388149054128
-0.36317816562040695
0.7668403572360314