2
0.07249459906567601 0.11836520159372999 -0.9916346626899921 -0.289349490356392
-0.19024901957510365 -0.6853542876525045 -0.627420077446375 0.3557629026448028
3
-0.6578409884931806 -0.24527114785564152 -0.6578928789040122 0.14201103358185319 -0.10279537251307524
0.5852693218798983 -0.9113507417318651 0.3778217682983005 -0.8230435384278716 -0.6237475952254088
0.5273244060453388 0.26788266199718014 0.5054333031288609 -0.8756616576633098 -0.2585478492704212
4
0.4441111900572272
0.3416075750015486
0.5668315116065301
-0.8263886361413728