2
None 0.8024461862702956 -0.592036829125882 0.22404607299688073
None -0.8450572763225166 -0.042131544580237046 -0.5324931932180934
3
-0.23406619049201738 0.3812194830836213 0.7691373869960794 -0.8344355712005418 0.9529468437496798
0.9322240135754603 -0.7719417951142633 -0.1200565492948642 -0.8059263622214297 0.24293561297788502
0.17588942926291318 -0.9077041557335928 0.4548834638572432 -0.3241410380818486 0.07972215317904952
4
-0.5967415595881587
-0.5788023194289698
-0.795967476949295
-0.6507731335016087