2
None -0.3144423997174999 -0.3393655416848653 -0.1921801487174064
None -0.7655898368674852 -0.9125846633423196 0.6310363615748644
3
0.9735831761662317 -0.6659673461316109 0.37785228300347606 -0.6827409452872577 -0.5760513158882474
-0.4712168933041838 -0.7481233468549018 0.9362636502965402 -0.712223575850971 -0.3318403721423755
0.6780675097852731 -0.30507798500728756 -0.11384615341155646 -0.335431311383966 -0.34778922300850934
4
0.11206834797687493
-0.6382480508573927
0.7879979553007852
-0.4832736994818234