2
None -0.07701127460595303 0.6955912903668209 -0.9834249080953417
None 0.19994005778960622 0.9458340690250828 0.021586445094319506
3
0.13968364462217653 -0.2735874546081649 0.7990375719230789 -0.28532391235835375 -0.8862847430540326
0.6313313184222089 0.9968334853008902 -0.54914143481213 0.9831774401739357 0.14900833095701738
-0.03317705973743923 -0.33825115235399283 -0.44013401738225233 -0.6879442895481838 -0.23705866686789112
4
-0.04690793675310556
0.8867497937488118
0.7721354747953186
-0.6520688274014765