2
None 0.07910492508857536 0.17241303519942863 0.3717767816849584
None 0.581154851201007 0.8799348638797797 -0.2291075086530403
3
0.5740058355185562 0.80301092784241 0.9778315519418503 0.5174314055941189 0.5473581591837338
0.08063169366715717 0.1312364743275687 0.399713961854977 0.16458824372874847 -0.40848678537074723
0.6927459807888496 -0.038765490323230845 -0.4359344649114574 0.6057497065235662 0.9543713178384148
4
-0.01977113246149731
-0.6179164890972872
-0.2803756910835691
-0.6162594196112787