2
None -0.9097960408136203 0.9900142262950653 0.07927225112173764
None -0.9681628904503399 0.1879063762765265 -0.5299679680071976
3
0.958088798344563 0.13752468990139488 -0.11107567128409856 0.5191589941381893 0.5995268145678836
0.2555329835419904 0.9848608005431376 0.7758179305965236 0.6384371221771237 0.44542855363337597
-0.4794942813536034 -0.5081593350092208 0.25401925967506744 -0.4021145838716269 -0.3200982750439769
4
-0.7301182344724053
-0.06384609895349391
-0.16674987503340488
0.9110022868133669