2
None 0.573269014222012 0.9557387672518685 0.02244527570735899
None 0.5570323357960236 -0.5914391842948223 0.0038921997676775177
3
-0.9822922423023286 0.8795123539315837 0.6653423493612356 0.528207051616572 0.35714866416705227
-0.6128227259888286 -0.5008404910708391 -0.644828654070642 -0.08037924543133124 -0.7658799901150171
0.5703967491339383 -0.5148644097906567 0.42450771139100585 0.7567456823498164 -0.4740368473010885
4
0.6929400507651555
-0.2442591868470727
-0.919284381518424
-0.9958212102128126