2
None -0.7171968295208175 0.5595731048448462 -0.8172541581959283
None 0.3424928292150258 0.0027789698178639632 0.32003672538696093
3
0.4833061891754493 0.6760321711945523 0.186713235359383 0.041078306132585674 0.2707885227293676
-0.36598455166962074 0.0998316771196257 -0.3378732315019062 0.4159537091651555 -0.7202272011645361
0.3532989518020786 0.8597510212069472 -0.654638574307552 0.3866651174216149 -0.7134617330895434
4
0.3259464756931927
0.2547087336066942
0.26638788382267964
-0.5968460259198667