2
None -0.24373869972035367 -0.8811368036707508 0.4060511146115646
None -0.8979307200716029 -0.25274028551898264 -0.3930245409517752
3
-0.6644606351788549 -0.8577400676849074 -0.2764585175051184 0.05636745990227077 0.9503549099744206
0.9683504951751398 0.5319593939942646 0.38343380958509954 0.3843273807599108 -0.22459131159029178
-0.4142701998115921 -0.9397629219119923 0.45420415415702675 -0.21507910885307702 0.8898821376154074
4
0.7193096274168191
0.0804933955475724
0.38455491628809346
0.4777994939593049