2
None -0.685678964267189 0.7785823376283723 0.5333244662133201
None 0.5493134481762303 -0.7604358141878418 0.07732210773696879
3
-0.2656205207050999 -0.11463774462142196 0.6461279691402497 0.12206256949755634 0.8920352243821559
-0.06548593498937394 -0.4616564335848474 -0.7068446245808397 0.6516787874049976 -0.4330244631900997
-0.8311890676461646 -0.19830554471187045 -0.25457890041175757 -0.7788105155803193 -0.8941324356903226
4
0.4146851357057455
0.1236771727191186
0.7861250479831294
0.7670076825603509