2
None 0.9815580369057295 -0.4909167539407471 0.7695436468916255
None -0.5525130162740208 0.25947046715599886 0.7558988502602202
3
0.4096226534005343 -0.8885361950071138 0.11583812826456263 0.06465986474369378 -0.5794484400261244
0.36164009896888216 -0.9692367272762745 -0.45668268090854136 0.5544446195149804 0.42141157442820476
-0.5391994503241626 0.7537835849354644 -0.7673542783179037 -0.5433879042839151 0.913444668686203
4
0.029488873592041553
0.932737693851301
0.7351646829565692
-0.1592050983904696