2
None 0.28927109899818726 0.0028246791994901432 -0.7187977182302832
None 0.9490601100777802 0.6547830499500162 -0.037521018494355074
3
0.9990153602032612 0.9724599180771054 -0.5886905327682017 -0.3701566240250631 0.41378528214938526
0.42622750119701425 -0.6423932513160686 -0.4246877467669421 -0.4534077896470925 -0.9590105979704011
0.4244494592869117 -0.7657171572189212 -0.4966561729873 -0.09779992460628573 0.029803727194781304
4
0.20755228380839696
0.29187670165028967
0.4158577572184017
-0.17312783831461775