2
None -0.1592046279526469 0.5151312981099063 0.26336137798666037
None 0.13208846349939685 0.40488506785769607 -0.6595475289637676
3
0.9587858964884532 -0.01549166859213047 -0.3004469078751577 0.24109107456379641 -0.716210828891009
-0.8930980575361089 -0.8783510487980641 0.01023205169958774 0.8167343503443458 0.6814929090568771
0.9732035677456161 -0.7728712983497903 0.5160181964492547 0.7731640485904978 0.022648037757518003
4
-0.5333889687096731
0.38736104398445326
-0.0032757900245645732
-0.06217032813091694