2
None -0.2976390219292069 -0.7653310071046704 0.6256887310135479
None 0.29553342553119544 -0.887143914738127 -0.33700508593508416
3
-0.9480881717435876 0.6892019093907094 -0.5799724170580103 0.22474217468526847 0.1684264527688577
-0.44587095016068634 -0.7347536694569126 0.26046454078623116 -0.7668824273420645 0.7171882531225335
-0.9064437127509783 0.7302427471920334 -0.9833095138363215 -0.9774624514832446 0.4796352742870045
4
-0.96702597881275
0.20097073182535752
-0.4826413287777582
-0.22833739580451784