2
None 0.9817058322693177 0.8116213636028362 0.6037825514355757
None -0.8910442565875711 -0.9193803694093199 0.363153224348187
3
-0.7241504386423137 0.7258326362232157 -0.600249710544859 0.4162895471123196 -0.1433659513269736
0.3844716453544901 -0.5697086904735185 0.9129417138536882 -0.4138316778087594 -0.569190955517376
-0.4402915472991016 -0.41625256304780467 -0.36679311132580583 -0.22091632666832117 -0.9332149237999099
4
-0.9909605843477582
0.2533661380939978
-0.563237719767872
0.7824866355720881