2
None -0.41854151060813916 0.6844168953684944 0.025821668639769868
None 0.9109144798736719 -0.5892570036229499 -0.6409590478272846
3
-0.02046192745451103 -0.15426948992275835 0.4071969968728204 0.7319837559795104 0.0047575419167322774
0.0018966764711685347 0.44864049545140294 0.26447270412604507 -0.812854190745893 -0.22001572387552515
-0.9434643802239548 -0.9020663721628424 0.047730224402623866 -0.6749639314616946 -0.17402186253385965
4
0.23958328137445095
-0.9651430865841504
-0.2747404897559178
-0.26765379896577013