2
None -0.014387647624849453 0.3693282906254749 -0.36775459773660546
None 0.8611786630797942 0.9917233848865807 0.43587772842700456
3
0.5506879207746991 -0.21611486406839897 -0.3504419609430973 -0.37726301885347846 -0.8713600771392271
-0.8540103854849059 -0.580347502849875 -0.8381497762082688 0.6191828210205224 -0.9497118598694612
0.998403822430171 -0.6710808716393495 -0.8024697939345324 -0.8757886750328294 0.14012667585722882
4
-0.8477331238926396
0.7632448296029295
-0.6639279840810297
-0.5020203681284789