2
None 0.8936939201120659 -0.6983346571324949 0.06848650843306281
None -0.5328895502613946 0.24073681736770913 -0.9551154125931762
3
0.17209689202687994 -0.6997800936022813 -0.5257468230163715 -0.06032616603026408 -0.07122560573708481
0.5403462933329455 -0.34757966239381144 -0.2910374706099883 0.005838962355227295 0.054121823897277155
0.1826113358509185 -0.9504072862953326 0.9093029821184428 0.013416458486433358 0.013644110165320189
4
0.966231010666238
0.28735815448171964
0.6137259721470896
-0.07186244961060395