2
None -0.8505576190498632 0.31045636565711954 0.3423920601169361
None 0.5294553597665161 -0.6892294419365881 -0.9237710692529362
3
0.968526232833639 0.39299899935448246 -0.0829230503383056 -0.5950689431540095 0.27863936793975985
-0.4033273411430556 0.6345649371547304 0.22941125394443507 -0.2837395976825827 -0.004161411519005398
0.3150792066017394 -0.24209301096088742 0.008548357092257763 0.139056881678713 -0.9763850973879682
4
0.3275194169978888
0.01726416279975873
0.32350856539599127
0.6989586879032927