2
None -0.15580298333403086 -0.583701037619073 -0.8758262602850513
None -0.4215928454013813 -0.23449017658825477 0.07867002370080556
3
-0.9060271162792375 -0.7051456106825917 -0.2631604375261096 0.6661580569378733 -0.08953316065506423
0.7755376650262631 -0.73509156003261 -0.29252761030625773 -0.40875118019992196 0.9007463384697447
0.6673345136831847 -0.3300209191629424 0.9160826173571577 0.30926381327692276 0.7958400075165113
4
-0.1404992608170641
0.04377766295356422
-0.4485171082317543
-0.8163606971785728