2
None -0.987771626104462 0.9689968568422682 0.2560134103925831
None 0.5247934096363174 0.5821380428044025 -0.8308464280941932
3
-0.8008362506370879 0.7486456429511374 -0.2957759681425818 0.23505241312357428 0.04302760499303604
-0.028457537121990617 0.7032113440069381 0.0663153192885082 0.5405282729559693 -0.6620532359447773
0.1874554053376194 0.24478937189758243 -0.3689682958673477 0.04271637371728465 -0.8852042616071192
4
-0.9116294481878873
-0.29042498385332416
0.02969900912352097
0.3228749909124762