2
None 0.38965980615136275 -0.20674202219299365 -0.6626636830455366
None 0.35955675407707743 0.4398794952389955 -0.3497903716377393
3
0.09001172082543718 -0.39515717230831693 0.27007007920019843 -0.035915073389939156 0.23015031661640362
-0.827282303503682 0.06356271970928074 0.13624102765269863 0.17874346934693874 0.746108627253973
-0.44666881281812487 -0.7936393853052619 0.6895922649799862 0.008395980624041677 -0.14633792388180167
4
-0.027769944568662996
-0.2773752387645403
0.2731541740444512
-0.18995649333292963