2
0.9879642659166852 -0.809164434422273 0.35852541658643267 0.41637001795954265
-0.20454684132775247 0.8428357557705777 0.32217170884229396 0.9388253250478773
3
0.8641354279328901 -0.5676203029172748 0.019226742095233673 -0.004968142555442867 -0.11727509749421539
-0.8617450046720159 -0.9407584796396606 -0.33790572512189443 0.8775240742163948 -0.3339743475983794
-0.9350075910305766 -0.9299312094222878 -0.24296618426686845 -0.14254965871599645 0.2182677073213397
4
0.08041977682106194
0.7527389860834597
0.45212009764804706
0.606813008600932