2
0.6574638348553368 -0.809164434422273 0.35852541658643267 0.41637001795954265
0.40972205921371363 0.8428357557705777 0.32217170884229396 0.9388253250478773
3
-0.40607201945984595 -0.5676203029172748 0.019226742095233673 -0.004968142555442867 -0.11727509749421539
0.7925948958887641 -0.9407584796396606 -0.33790572512189443 0.8775240742163948 -0.3339743475983794
-0.7575177288843773 -0.9299312094222878 -0.24296618426686845 -0.14254965871599645 0.2182677073213397
4
0.08041977682106194
0.7527389860834597
0.45212009764804706
0.606813008600932