2
None 0.7451270810453365 0.16762819120463535 -0.9880419009391255
None 0.6258508708093671 0.6752223898088949 0.7429993419986773
3
-0.2689417062211681 0.04705851362528879 0.8448104634107871 0.23185275386536808 0.5949214116414638
-0.433820322238305 0.9261840725031729 -0.5727395569215779 -0.01338952493715806 -0.39411699771328323
-0.9734443641668442 -0.5660567494818092 -0.09810018618770067 0.9071676534650821 0.7596266570770924
4
0.614127283122432
0.6478701657867505
-0.2434654404546881
-0.8620962020229315