2
-0.7777070360116216 -0.4185901957818545 -0.9350570105223455 0.9728427586555695
None 0.9453215206797718 0.778003134394559 0.0060431648655308035
3
0.24991314518117624 0.5691770349108165 0.4438929340523119 -0.43129830114953305 -0.5973484076617603
0.7109734859315875 0.899616381460804 0.35389269867229456 -0.8722277673442733 -0.7626551950444802
-0.8264847472298047 -0.4767439158828157 0.5295776333315332 0.4846555259853611 -0.6580812670344391
4
0.45928209202166737
-0.227955359311647
-0.2900778365110701
0.8596595769038538