2
-0.6575578385324858 0.49435610470234015 -0.5125644595362355 -0.4350473067236795
-0.4867931896528759 -0.7512519266086446 -0.16902244503795538 -0.1058086184381013
3
0.22315131899792084 -0.6508641491136344 -0.7487335624682061 0.637577695956747 0.4627537558222483
-0.6757595239201917 -0.7796153759596061 -0.5736502570576552 -0.03032388887855575 -0.6515439237958103
-0.6736824541307675 0.31058504702155654 0.6915859989544373 -0.15524426276676206 -0.9527493477571152
4
0.6418323994152253
0.525688481656688
-0.07815630416669794
0.11263117702993641