2
None -0.08548307527386645 0.7187976289396982 0.7709807894755332
None 0.6146160279904576 -0.9040714506553698 0.5566084056792562
3
-0.2192634163286904 0.4247829676695811 0.19345087661982685 0.012533594687571092 0.6700270447162633
0.13336215203869717 -0.8860656187415428 0.05893266964975541 -0.5891250062206872 -0.7875231307933752
0.315445044092983 -0.10819726239447891 -0.15307461916806941 0.45546925003847427 0.8586848276770742
4
-0.2451135144325789
-0.4894626090816996
-0.058743788250804396
0.8312535659517077