2
-0.2934140480627252 0.9601729350070511 0.675095715999255 0.52624456911306
None 0.71444755121326 -0.5939169348398552 -0.7525565153425036
3
0.03382516001128222 0.7020841932985542 0.9736416647032438 0.9724663394217015 0.6248957291289532
-0.19555255642205016 -0.857284217203212 -0.04117053946130089 0.26199856969113355 -0.08186740668010684
0.606892655106875 0.063134929769316 -0.958786209852982 0.6013112607009503 -0.947760306221886
4
-0.06702548997447244
0.31354639525009587
-0.5372048100794273
0.6016925231786123