2
0.03280817496345123 -0.809164434422273 0.35852541658643267 0.41637001795954265
0.5840427347526409 0.8428357557705777 0.32217170884229396 0.9388253250478773
3
-0.07203417673565182 0.8749110199802186 0.09945390774728313 0.9705134844982999 0.1202878550491906
-0.6717785702001651 0.4904966132965849 -0.8296973618934562 -0.332107392228534 0.057614623583162716
0.8045995427710328 -0.32422272153963827 -0.8710115230733202 0.6231127128663025 -0.7009873664616428
4
0.08041977682106194
0.7527389860834597
0.45212009764804706
0.606813008600932