2
-0.3001279075981229 0.9763375027837484 -0.002342401054995058 0.9756651007482584
-0.4696441184049931 -0.8642111292428152 -0.9177952339537476 -0.5968666527425681
3
-0.9517174595628892 -0.5470563016531924 0.4369228343021654 -0.24640577991237866 -0.588726662737102
-0.7727803411659286 0.6195351440767753 0.20873680963065921 0.23676152580047294 -0.5592017940709744
-0.3372139087538135 -0.3309972476247258 0.39738591285383373 0.5396184768907486 -0.900235713987809
4
-0.39981578469097245
0.8534469857123703
-0.7919553124724852
0.691369941555446