2
-0.5776315986033573 0.8693984998429944 -0.6315860307504735 -0.30582101285113783
-0.749517085799863 -0.42342768248342155 0.0412005074648345 -0.5294812534345226
3
-0.4485542971274876 0.1519431300549725 0.6826886772042611 0.8660553975806078 0.3139272434938467
-0.5215163728100336 -0.9370380375089153 0.5820632782022606 -0.185987464861177 0.25908262232751644
-0.2645650736036109 -0.10490335856282074 0.2818790967457787 0.49763187067438674 -0.030970416439510595
4
-0.4481153507059208
-0.37487476548606624
0.45215897255714577
-0.6479840313793814