2
0.7326017793289195 0.14892721066161596 0.8005970194469358 0.07606643369592092
-0.8918221123553556 -0.405751834098806 0.7844647228437887 0.31352879371383047
3
0.75694236596239 0.7373802018946116 0.8256051289445148 -0.8261927913555807 -0.9070979978678531
0.5572043959733632 0.5985714473397523 -0.036358954927658615 0.735303571533297 0.43014304755904487
0.3427553985000147 0.5423982071295219 -0.5605112330145594 0.42619727510216054 -0.49972057217454324
4
0.5060561999959785
0.6743009726568205
-0.4900135673121222
0.11075627252322051