2
0.6744374642052962 0.3564680471004258 0.41628605325228674 0.17037575962621254
-0.03815256085909424 0.30158464803828666 -0.3904749102214744 -0.46450424483483443
3
0.0513872766368908 0.7388733605256412 -0.3033971687540533 -0.28621430460656927 0.8088978624670671
-0.025849196717784073 -0.6761416295727234 0.21303116671085442 -0.2755616584177525 -0.24736041530361108
-0.07758036856907657 0.796649805773066 0.15302471887672042 -0.5287598239127931 -0.6377601181767651
4
-0.06540927054360002
0.6903947151425243
-0.9609231621513812
0.8376761366765841