2
None 0.06213650459243336 -0.2734248899962042 -0.24666753666851426
None 0.6906484274017299 -0.12215169667003978 0.8827209992225715
3
-0.4266909469642741 -0.49669392782046473 -0.3255762994829088 0.5273403643806438 0.2763832705876983
-0.7584159707424296 0.2776315311587281 0.15772433459720214 0.09013853804705585 0.8087449764620918
-0.11583081866537248 0.4944888132926062 -0.4536036868088589 -0.0947227040266363 -0.6674977532609276
4
-0.21480137874599525
0.5625136140622942
0.31391545950491184
-0.36661873383024646