2
None 0.21120055343168187 -0.9097031323844549 -0.9029520894802192
None -0.27710356487569543 -0.9067734571057775 0.2697683604741514
3
0.46034419894998924 -0.18625773417453884 0.26315205912419004 -0.9357048565727784 -0.12805603438560254
-0.9962649388890408 -0.6525689600127773 0.27176735075372616 0.355645121647447 0.30996835609748974
-0.0848900698886923 0.3783846107796178 -0.6352157617313565 -0.30481908309934735 -0.7845709380464287
4
-0.22727840252024079
-0.836509809519252
0.5492336256694184
-0.3732816579241558