2
None -0.006600769616123436 0.06824944834179925 0.9857498540856413
None -0.8413363782683598 -0.9459629552046591 -0.15562157052211023
3
-0.8742601879635419 -0.29589872938078954 0.6643696797570449 0.27990691774305887 0.6375513226544149
0.5563385611402385 -0.838479675601769 0.7299257059188617 -0.7524833839703233 0.029681821086081417
0.9222633583455773 -0.8418698923016026 -0.3904053244865051 0.7323796976561656 -0.02781209610396118
4
-0.0837570657412603
-0.8669629663311631
-0.044174526367697364
-0.42709564794751476