2
None -0.3396784684366241 -0.4048136069087318 -0.4041760289526959
None -0.36535257301053714 0.5561785875259877 0.9089575464927948
3
-0.4601834975986072 0.8409119829021254 0.00842488560707344 -0.18753542818262847 0.6041028779064102
-0.9063098115259689 0.560855542715782 -0.24142730157667658 -0.31164497863630203 -0.5301492451546805
-0.9462505174926208 0.8827781628550266 0.7675971701622406 -0.8709887771654996 -0.7162390922728197
4
0.6355687652401987
-0.5557919342381694
-0.8532131071067366
0.1876983710467195