2
None 0.08119774533293267 -0.1190886893151113 0.12085501836134438
None 0.6066599186465782 -0.7339932293395128 0.8998591889643877
3
0.7084807796422274 -0.4378590779227851 0.3045143458003232 0.8564609456758137 -0.23559668930041866
-0.9591188189575854 -0.1714576338070266 0.6034499127752979 0.06366077200391596 -0.8307673773565376
-0.23290781112316727 0.5953920609817331 0.3165467484215412 0.44575002109303297 0.9754844020178441
4
0.6359332078142037
0.7152791856750909
0.36523524085625625
-0.06061679037593515