2
None 0.9951687173068828 0.10091508661098092 -0.3451095888597071
None -0.5373506535665162 0.04579756219607045 -0.5387512252935482
3
-0.3492137948391494 0.09472401145784182 -0.009903161577889286 -0.5726190452522437 0.15887978575305528
0.2590504011354344 0.49490745915541146 0.42378481537728785 0.11338988810715578 -0.3445384877678679
0.19627561368173563 -0.01114263627985368 -0.8550196428644994 -0.8725501537362412 0.20624170628624383
4
0.8533734293742254
0.7611744475203308
-0.8643514885560577
0.6583367767520443