2
None -0.8258706105259122 0.6009465988976195 -0.6130278211799771
None 0.5072439035975234 0.7118501798510442 -0.7417936694239722
3
-0.06387045331932839 -0.7329284510919705 -0.7267714522360604 -0.501055987711823 -0.2868507413535246
0.5615766811358454 0.6146996111294263 -0.26076370450760256 -0.6861965893005741 -0.6148149493253963
-0.7941001271954271 -0.4024016691499386 0.26169461057340104 0.8276721975380941 0.3266977509887232
4
0.37738315058634897
-0.940150518272155
0.6971611799798096
0.8262011758950447