2
0.43327828747852326 0.06003723481141021 0.13535512389551396 0.6738405176876643
0.46250940358248394 -0.672688622110236 -0.6336378519808943 -0.7741918588678571
3
-0.06783481469143804 -0.0574551167883095 0.6124378692955914 -0.2663744326971884 0.34092644710103537
-0.8392672751846935 -0.11144177688978951 -0.48223130946186776 0.15170690428358924 0.8271624464229073
-0.9890543117713444 -0.44548805195117236 0.783942563961672 -0.5757888357158985 -0.9717493968827093
4
-0.2544160460637528
-0.03026949163861614
-0.13868625989898753
0.6396329820624371