2
0.9300895542002425 0.3564680471004258 0.41628605325228674 0.17037575962621254
0.27418853124994635 0.30158464803828666 -0.3904749102214744 -0.46450424483483443
3
0.1436064804210222 0.936373100463058 -0.5774784133367075 -0.4648137965010779 -0.6634894517909382
0.19407065831236459 0.7642338553601342 -0.17105104780388314 -0.8633010404111681 0.8168292880128343
0.8948878176574275 -0.48056436387661017 -0.9460067553621547 0.4034395707247471 0.24745856456315707
4
-0.06540927054360002
0.6903947151425243
-0.9609231621513812
0.8376761366765841