2
None 0.3564680471004258 0.41628605325228674 0.17037575962621254
0.15854954651396103 0.30158464803828666 -0.3904749102214744 -0.46450424483483443
3
-0.1710848782078751 0.936373100463058 -0.5774784133367075 -0.4648137965010779 -0.6634894517909382
0.4782038443023984 0.7642338553601342 -0.17105104780388314 -0.8633010404111681 0.8168292880128343
-0.6670212433097218 -0.48056436387661017 -0.9460067553621547 0.4034395707247471 0.24745856456315707
4
-0.06540927054360002
0.6903947151425243
-0.9609231621513812
0.8376761366765841