2
0.9770372021554097 -0.11070905324141012 -0.27074411156470424 -0.7696126810688197
None 0.3142958260997746 -0.9060228093978961 -0.8916500515960455
3
-0.3492896596884474 -0.33746144282521495 -0.600473095996997 -0.6730313706089086 0.300760828817791
-0.30893721489357473 -0.616831127949709 0.5436062477559307 0.7031963660756917 -0.02729570663360792
-0.6891902199821731 0.6563721287374105 0.3619968850220965 0.5073205199821749 0.5818398152154654
4
0.1882139655873365
-0.38762531474631956
0.875075255549824
0.2495047541568276