2
0.5523290761953716 -0.38937491374537503 0.15918610046611525 -0.5121095406764087
0.25753785929461515 0.08801473698997553 0.5997322979019406 -0.36608189803860514
3
-0.6403984829992029 -0.5137443793798884 0.6729781258787613 0.14026142344290027 0.35588293075184385
-0.25793618024921683 0.6475676201770875 -0.45422136446216244 -0.640906229226696 0.0030062191634467883
-0.285880477314971 0.49173971257936944 -0.08834328661851476 0.08447073700175389 0.1521760890604542
4
-0.7481898074581674
0.28723602723557473
0.4750106231246811
-0.336034485196552