2
None -0.6850720906188608 0.7247267468901122 -0.6248184126809644
None -0.2813714910169831 0.9131620268809864 0.3038561036252696
3
0.4155690919652504 0.8591306229087743 0.7563304116635972 0.6980504719913438 0.30265941172932087
0.42715156818378697 0.7476496958496752 -0.12156731284670941 0.3601286044921961 -0.8643606657175118
-0.8501541998772089 0.4374271370964271 -0.29335368872931133 0.5411011666041237 0.33280427510247
4
-0.6490504775848691
0.9516726537789972
0.8744175548556556
-0.14395240091504302