2
None 0.7537581154803117 0.05933702577840472 -0.607369191949171
-0.4382805538742114 -0.8709567239504206 0.7166589606597789 -0.335922375372935
3
-0.15668288719080325 -0.7732835509543092 0.7776007552293149 -0.8117354619026544 0.9876725581416215
0.23024063683302898 0.28295412186974134 -0.16144838011994378 -0.34554702119905834 -0.6649107708290507
-0.46939246494072506 -0.9093388201084307 -0.3861940520564535 0.5775485739145922 0.446900606258839
4
0.30153796422063595
0.3575553199000723
-0.4874315676359633
0.2757987188336053