2
None 0.8166975781329857 -0.7963390824810308 -0.7473414069616511
-0.1188913739387234 0.8817348718896509 -0.4299958222235569 0.4681107072977364
3
0.9717394948431759 0.006653047832192005 -0.36879292824107535 0.8180903255893501 -0.5601200593130331
0.3580461024420851 -0.3935700072931918 -0.22834301573936533 0.5294507569851374 -0.9539296169204046
0.6435078610658973 0.7537538699079824 -0.25415554327187806 -0.788599548141115 -0.0005737884637007085
4
0.4619846132011727
0.5755451757465337
0.8279574010687185
-0.08471156976568706