2
0.8848773336095521 -0.809164434422273 0.35852541658643267 0.41637001795954265
-0.13103449188448524 0.8428357557705777 0.32217170884229396 0.9388253250478773
3
0.46445068972594084 0.9112173152621574 0.9905081346080111 0.523399367908679 0.31841131002928247
-0.014657495413154642 0.489253339596208 0.8410961152657153 0.618096672773899 -0.6350768478425504
-0.2806594522061836 0.11227576022484853 -0.7527932752362763 0.9119918099978215 0.2568584707002288
4
0.08041977682106194
0.7527389860834597
0.45212009764804706
0.606813008600932