2
None -0.844821600339354 -0.6872363011765483 -0.1733035288990925
None -0.5670407067110572 0.10846380637235131 0.24751179804773682
3
-0.1010688307092038 0.8313033615038612 -0.21139618962400175 -0.9515456025445992 -0.2167431149692749
0.40445651870200416 0.9030878840518357 -0.956508979738913 0.11456680462574775 0.2740224217835199
-0.6046396288244615 0.9984069126061912 -0.93086609743308 -0.8655527952944941 -0.6610169572853282
4
-0.5488063165663262
-0.6724829974077007
0.8281894672636287
0.26817643993395945