2
None -0.7680820877098422 -0.6826314797901869 0.269114929209205
None 0.47173892297126097 0.569354269610848 0.6398795299259539
3
-0.4333051776070369 -0.6052389894334889 -0.9362593391156908 -0.27200238196189175 -0.39877224211009477
0.4193635096298789 -0.798986302830474 -0.34200816216524865 0.30224112467135567 -0.34508354419892884
0.4040476297684068 0.3951792630526987 0.1334195190070202 0.8591858556053087 0.7943247215445497
4
-0.9112234505251564
0.9737174352324134
-0.4313198990121747
-0.6657574103954975