2
None 0.7159254670614434 -0.9409502989566798 0.618560519469612
None 0.7989620282614482 0.8850686251079407 -0.12757107946090662
3
0.3863548674604269 0.8709131998931794 -0.7897813264715088 0.466327644167325 -0.002847198200748746
-0.27942188510512267 -0.21830899799725056 -0.2734362201917109 -0.09421409244218304 0.1246048004292184
0.3900797279884973 -0.31229175640552165 -0.27208064014058864 -0.567032380104509 -0.6659820024340759
4
0.7436127419304686
-0.4476810437069556
-0.9520333288093645
0.7013215386710068