2
None 0.9708576999037817 0.22510328001794844 0.2727287285693192
None -0.6117808339975463 -0.18491674917647893 -0.3063898578241995
3
0.21031894484565128 -0.9293016437075281 -0.43186145575551205 0.11273142404305436 -0.5175093371734572
0.8603097294723658 0.5039775159926461 -0.9296772379684268 0.9308573245831666 0.3763469308870553
0.208915406795948 0.036393723823164636 -0.483655989487459 0.8695201138856832 0.8433247094440812
4
0.6634453893630825
0.015010311202247939
0.5818828939286627
-0.4905246750165908