2
None 0.7958296245109617 0.5288349023827259 0.8166306545532827
None -0.8199693156869503 -0.03777723540391764 0.21604580736522006
3
0.6541337567143015 -0.6373237422276194 -0.5297580055226738 -0.5403698412520701 -0.4871858528572319
0.39342989093276803 0.24310869825384862 0.8453256032613241 0.47565629557300637 -0.2494756258467199
-0.06094536109092075 -0.7500507202060356 -0.5722801347205944 0.24658656173674642 0.10549033140546626
4
0.6951993279987265
0.1454084467554373
0.30370901102423775
-0.07057720638874843