2
None 0.08604410879134305 -0.033116554011445976 0.5941593554303237
None -0.017764203723618754 0.6114003705558764 0.4296281617345299
3
0.3431215027553487 0.9812126921900766 0.16241361167468726 -0.6125943920868888 0.7473652750491226
-0.9717941319994112 -0.2464066590612528 -0.5853105664680309 -0.7171103312172691 0.8269872059706931
-0.02805686673138208 -0.44899964329881703 -0.5766996130255131 0.029939071966149422 0.7155198277752013
4
-0.5215777300993596
0.8572617498848041
0.7222935271696873
0.6560135157052196