2
None 0.9377009395890872 -0.8907821248791303 -0.674869289435986
None -0.7280480681001493 0.045879186482887135 -0.6210261932314518
3
0.8914949100371439 0.6737152037824772 -0.3170853833769469 0.7519551445232926 0.6920624192357885
0.8828390129457906 0.11322244782419189 -0.7885660178736953 0.07873192825843467 -0.10247401618204743
0.1830512042362633 -0.39217279469040056 0.52069382659285 -0.18994607236461758 0.13583036320679853
4
-0.5315168580266276
-0.8896896073030065
-0.026337290805331648
-0.213965674760761