2
None 0.8703367975912457 0.01932419339077085 -0.608250425614383
None 0.5564000609947353 -0.7309466520033492 -0.30351145090461373
3
-0.00375560191673574 0.841211986112516 -0.7906061418970627 0.054722630591470756 -0.8678654081000179
0.40245505708593177 -0.9829322166450027 0.7975409740243191 -0.8702294964008235 -0.5776900723015426
0.2912425276685273 -0.7565387734938178 -0.13548088471121633 -0.6778760302486864 0.11182706786662733
4
-0.8964892563401559
0.6561877734668917
0.6196917578977674
-0.062314612942345304