2
None -0.07569319293352694 -0.8040204770623511 -0.17611209165727737
None 0.5382901426724112 0.40356888203077834 -0.6258564069276511
3
0.9422323639117913 -0.7565085261423219 0.6015954095109299 -0.09372175531812332 -0.23260121396063127
-0.010325135682307085 0.31189637739600196 -0.004884058535660207 0.2639999527647281 0.6169721618736099
0.23552100122814412 -0.6346384467954231 -0.7784379688708403 -0.6898176708390364 -0.6584310170597243
4
0.5871305564031659
-0.23090220448349874
0.6263388166390689
-0.9929514502042633