2
None 0.06003723481141021 0.13535512389551396 0.6738405176876643
None -0.672688622110236 -0.6336378519808943 -0.7741918588678571
3
0.7611189125672913 0.17416625696244803 0.4657377213217637 0.2264540535936157 -0.5251432238598
-0.30259916351836735 -0.04591859990900127 0.12452224548563073 0.06272975056910934 -0.5147022017327447
0.4671505971446346 -0.7128207198476271 0.48799839012782353 -0.04908364456891379 -0.21450055199898754
4
-0.2544160460637528
-0.03026949163861614
-0.13868625989898753
0.6396329820624371