2
None -0.03813750535315741 -0.5959053368685816 -0.3288962647353002
None 0.7169355555567691 0.21886135707587862 -0.3906170760912884
3
0.9612334461329415 -0.5699018547697678 0.5684214249745743 0.43598323582806975 -0.24390666248410175
0.136205295882881 -0.5770037706191435 0.11809109726321809 -0.5033571498868281 -0.3841419394546197
0.6769226286650376 -0.15566875402622826 -0.03731334194549252 -0.20104484484647367 0.4902391903969461
4
-0.9326193794438498
-0.2626021943048047
0.6473533529809461
0.6155049741593126