2
None -0.8690199646038883 0.3183690734230975 -0.6288954423740964
None 0.7424459234587986 0.4551801670060922 -0.8263347037081794
3
-0.48185052309570287 0.4461280747994667 -0.5683627696981659 0.20784360422279002 -0.7700253290617165
0.38906119120682425 0.12903042864813274 -0.9893296766280364 -0.21038444551214308 -0.4850183286011511
-0.9563914113978167 0.6881980557403633 -0.22888944083466822 0.45496157611576304 -0.7880428550064269
4
-0.2543948982353639
0.13141913570276698
-0.6895611989031611
-0.15197982313948222