2
None 0.6958403842460648 -0.533994998064703 -0.8422227097109325
None -0.8193619854691778 -0.3744684231031217 -0.07083205460391251
3
0.5203754035828319 -0.7819880912011592 -0.5310704283276704 -0.8184341555350987 0.5383728556442062
0.9114044413970752 0.6270046366740467 0.48808419636494027 -0.6541335627435829 -0.3422456867879893
0.23728877999705644 -0.7532723177490053 -0.6835936945971979 0.21195729567517452 0.7749869196344144
4
0.1554498915009781
-0.016896607952145537
0.3857194585418009
-0.22926257247795467