2
None 0.5325728734795563 0.8561219883875948 -0.2847048214559671
None 0.3965344474738677 0.8730525499226574 -0.32813407178710374
3
0.8527287989646821 -0.5105934316480996 -0.12617346599444001 -0.9657731977175328 -0.6582834519525533
0.997306967156216 0.717270082725953 0.10328948276500083 0.4865261411686985 0.7194884324885771
0.11508445418961566 -0.9314843477103671 -0.35131377052914115 0.6834009355078288 0.1687794794414681
4
0.7807217083892055
-0.7536221088100203
-0.39475072465267247
0.06009411807364162