2
None 0.46498727614432633 0.5840195073939207 -0.16673830246261634
None -0.27051168330374553 0.3497923450885603 -0.9075716557191391
3
0.09370650574508077 0.9282067759472079 0.8639470645337288 0.5247243285381511 0.19739086370014314
0.8006728789903843 0.021963945198955948 0.09586181642647618 0.5257883447068141 -0.15654739588979916
0.11207751319302028 -0.3231633568598098 -0.22258070660123663 0.36907510218879813 -0.9499749564596351
4
-0.09688965884121425
-0.3636150506326281
0.31103598116227604
0.1582826812751359