2
None 0.2588642515967927 0.22942303486490112 0.004911579303297442
None -0.9767333604985076 0.8190296884747181 0.634069505148745
3
-0.11990718922512134 -0.05417580682169687 0.33513545628801755 -0.18818769338465668 0.3980403644656014
0.707343281818577 0.9374855248933327 -0.9280445414961429 0.27690778715857944 0.4177047106893892
-0.7570965017908611 -0.6076820149812221 -0.5757231841423738 0.1590199129792036 -0.4737839997775044
4
0.390628595281278
-0.9384860554320882
0.46109383834451
-0.20690700350938496