2
None -0.4210368541110079 0.6480570777755441 0.02345837549925056
None -0.7806801918889714 0.5418529020571963 0.019707296109709338
3
0.6720558534053933 0.8543934074103476 0.43514985677048656 0.7428696044241923 -0.9319203270527283
0.14432863907500315 -0.15130285412456268 -0.4981201138786129 0.3063752938268318 -0.3087123335068991
-0.8541116315852999 0.3042156805496905 0.45202975875927787 0.07084232842521376 0.5544241184432315
4
0.9723727389136054
0.7489995751729459
0.3484019555755544
0.90041194411284