2
None 0.4478368443290688 0.6338729227834745 0.8530608024879058
None 0.821954134389107 0.3358842849811732 -0.16448241479301728
3
0.13659951198294173 0.33109685120934884 -0.8524035951185578 0.19413174218288298 -0.850591620994767
0.27358505625122853 0.22269814750734973 0.8142542508646584 0.5230491031957532 0.14744837454270376
-0.16281802236376053 0.1365042811792918 0.7388504826025788 -0.5371233492733614 -0.38055331845020945
4
-0.7577245286746372
-0.6659751137844003
-0.9702496667246079
0.3579503155596444