2
None -0.6331483341894786 -0.5970001267937235 -0.3526165767384759
None -0.5894686554117405 -0.213058825428313 -0.7000545529362587
3
0.09670945736472047 -0.15131431384810767 0.0157140413474528 0.5443894457885905 -0.7377181880347079
-0.20846502677680134 0.956730920665255 -0.5269803339862971 -0.1870645964143396 -0.5519893147631361
-0.9160954213528916 0.5987911440959597 -0.19232686651372943 -0.4501128328755164 -0.004537532356376328
4
-0.8736228725258353
-0.6048948018294356
-0.21921119952444434
-0.2777834641385981