2
None -0.7674575636886538 0.21227375483676858 0.6195534971533319
None 0.5136523187204756 0.6491858313076972 0.5176020185150103
3
0.8588595763698346 -0.1269041738462029 0.6588339726856125 0.16402732540004417 0.6020242783788436
-0.01933171590597249 0.5283961434643356 0.6645897188281371 0.22749800055066727 -0.49573516513630733
-0.5182067222050404 0.31270054214295895 -0.28397522262906105 0.5191809228024369 0.6039558567390346
4
0.7944960444511577
0.30653860300649005
0.23033736221636136
-0.7026648027883351