2
None -0.2966254343258685 -0.41739637945920527 0.8835927952666693
None -0.4642621551728354 -0.26647285809114396 -0.20803780543727446
3
0.5971008863804206 0.14683248440127716 -0.02392115248726201 -0.3717505092417013 -0.8497001289895905
-0.3350310740240472 -0.1389916826574078 -0.35665283011705573 0.32559595066238356 -0.6272054316394067
-0.6930214574444362 -0.5460668559757578 -0.3524438076442957 0.6763362460627913 0.013711420013191367
4
0.2053055927339793
0.9467012419593368
-0.962297339686657
0.507606590413249