2
None -0.611720743296986 -0.29641489678171706 -0.9905866282528626
None -0.01792567848709803 0.47866612063225156 -0.9062380163528398
3
-0.9726625068152603 0.4035201912484607 -0.6417615361003677 -0.4259280467510005 -0.6088947175933908
0.7571034745387644 -0.9798011769681219 -0.8242309975151803 -0.7816934302870855 0.031770873668099275
0.9805123181048583 -0.31737429263540684 -0.07863854710338414 -0.36842753368908965 -0.8473532115457187
4
-0.5306514854561013
-0.6808313750529777
0.0716603967032916
0.7593421298234553