2
None 0.03851078120843554 -0.2516440036165377 0.17865272039118874
None -0.07405585815367277 0.5877967443322754 -0.6419213246413782
3
-0.2471950229493265 0.5479563371072556 -0.06552201639933486 0.44744621764515236 -0.7269204580384467
0.4025683778024267 0.7833200528825901 0.859989890419099 0.13036285987431318 0.4420855331220086
-0.3051798916172357 -0.4444664141139498 0.40351607622139696 0.3868518321368981 0.5117130649121122
4
0.5839430289267842
-0.32090099819721574
0.8375934973288564
-0.01254762533054743