2
None 0.3281428932192074 0.20859794254940534 -0.6312621016009623
None -0.3191254767365306 0.44450201699268876 -0.08621551738922606
3
0.7215703677111343 0.7338291158108359 -0.6275381945222349 -0.8167608314683659 -0.36099258686582947
-0.6650493483489461 -0.490497418917474 0.623848923995441 -0.15460997029981383 -0.5575484929554548
-0.9634281074950566 0.031157207090394268 -0.4408464618474688 -0.841057724012358 -0.8378236284810954
4
0.7251468919575965
0.32577689617037486
0.4144087728794208
0.06913646407828056