2
None -0.30515493331692856 -0.29160719028119875 0.5558065199965538
None -0.28243258546440475 0.5464333969352013 -0.446171298336699
3
-0.16312155997327982 0.6012019716258208 0.8313008231448995 -0.8798480882648789 0.47660122325580834
0.6698267875022306 0.8102865600111955 0.11604136811006649 0.2471475761490629 -0.8426887090125619
0.5544972800537002 -0.09395815261039431 0.026212410787399554 -0.8172245889068599 -0.9306089901061141
4
0.5991473539547083
-0.19241642207878673
0.16382980298497896
-0.8551024320048362