2
None 0.8267104223226531 0.15342794936129533 0.05596441252963302
None 0.48016012102937133 0.31110262426940527 0.9104576319977591
3
-0.27728258901633174 -0.7627546701127843 -0.2863291337525964 -0.5184938268260917 0.2876656081704023
-0.9602050451837205 0.36564493236304574 0.7932309258012176 0.20349721752061845 0.005743256525154061
-0.1627035270075643 0.754413036303434 -0.37016727026350926 -0.47111386314575765 -0.7052488048129655
4
0.9271407977327777
0.35838699131322493
0.5289575095592782
-0.8929460798087254