2
None 0.4798197688080392 0.6450602310645448 0.3817401625010861
None -0.7464810775754604 -0.7590172738726264 0.9861273415538703
3
-0.8740268075333759 0.2893051967462297 0.8503129698592744 -0.48507937998854533 -0.49415968296996904
0.46696591400598497 -0.222378838853019 -0.9491350822059534 -0.9252711651969827 0.48166728299058237
0.038181532277208996 -0.07232491855412215 0.2869430300171898 0.11353439194184833 0.882921412124223
4
0.2924367978654707
0.3801662664788288
-0.9777137174295041
0.7104324712592418