2
None -0.3501169792864387 0.9414456861045808 0.14696045071971886
None 0.5483235979808263 0.036378360018746836 -0.6424500606325159
3
-0.16016740960219478 -0.5037183277627537 -0.2613756240383984 0.8096469830199515 0.8552162619826447
-0.04749167255222342 0.21530530515514257 -0.6605800335658873 0.5569010875586511 0.1500109786623942
0.05584904404168789 0.8952684766920425 -0.6361489932486457 -0.4208946679721528 0.2836103324003205
4
-0.4567019599198947
-0.7507327144355074
0.7660779085743572
0.7470522143277625