2
None -0.5101122973920666 0.20139810048079898 -0.6394025731746751
None 0.6875389217767081 0.46659690774975404 0.9479743755893777
3
-0.818554955784204 -0.4289955710702995 -0.20213093058831033 -0.6198170909633951 -0.5986685730223353
0.9605604918760855 -0.6055170909843515 0.6809593816269623 -0.5096402949793661 0.4532361588743592
-0.4208700081329424 0.07971275991798277 0.9056935868357154 -0.1841302266060183 -0.8279137699767238
4
0.5635841681584342
-0.5047857882570854
-0.7725334058418669
-0.7127214013271126