2
None -0.017522145546059464 -0.049943934785928734 0.4863658023869226
None -0.13506635394856747 -0.7641580063903128 0.08844023115865407
3
0.28256368361910567 0.717928728990159 -0.9289910477585375 0.6932245143693561 -0.4501932006057987
-0.033265627793698016 0.9615783323516314 0.6539389089124064 -0.012716046113024237 0.522080793343298
-0.20176798634600646 -0.30712981604446066 0.7909378911835274 -0.5884375504490185 -0.9380017285256375
4
0.8961589890679973
0.1088769069886586
0.24394472801541744
-0.45058676790390617