2
None -0.966643035531582 -0.3954742523463577 -0.7219953368113854
None 0.112884748709837 0.5580184430947057 0.08487087513100744
3
-0.43397033758565473 0.8910061446019939 0.4400197925316103 0.7617446520005875 0.6875404055469259
-0.5781895431585746 -0.2865296804652815 0.7609366016777128 -0.07405870369831002 -0.2325454435555101
-0.8195430326105386 -0.7813029436210102 0.7228022413955728 0.3121733431210221 0.3393046133762292
4
0.023697752254932425
-0.3807766465273721
0.707360880048941
-0.8318655653521352