2
None -0.22648484711939698 -0.0651355897549668 -0.45140876722718315
None 0.9153252035223756 -0.008960676872611817 0.27539805851588683
3
0.3088342650269522 -0.21789831480844368 0.7359773120459869 0.5083223813626887 0.9336598437410719
0.46606621943819837 0.5508959976931227 0.28903357935987595 0.9154743371982408 -0.6044314621964189
0.1789787754995611 -0.4773147368232302 0.564469378852313 -0.7983528231030437 0.5118716506433274
4
0.8095150123694275
0.9855214350973251
-0.537393084119717
0.07030405993580913