2
None 0.25347257739853335 -0.4026574394162039 0.11376689290642528
None 0.9005527220182254 0.783799949015378 0.5845958516003869
3
-0.2378724893476094 0.3207692989926596 -0.9554385501329279 -0.16739970673244886 -0.1412788948838153
-0.9607287540249454 0.5357227884846592 -0.8862021780387861 -0.7278744321772321 0.5835238192216414
-0.052238095363744685 0.5075715804036816 -0.4485714099515272 -0.8781072757479762 0.3909495333342845
4
0.5632594066460288
0.5290058250313949
0.32845299729272703
-0.22881376254289565