2
None 0.7333636643817218 -0.7521975949512638 0.8757734923482319
None 0.560630135412141 -0.0378948249913269 0.9780029222154998
3
-0.4038963482082698 0.26997629364646336 -0.4786607224930468 0.04808632253765999 0.11928659185129686
0.947732656736368 -0.3579471272372097 0.3294188852916422 -0.838952443192843 0.7064166791668263
0.32863186608774986 -0.754014893906441 0.9539497820980409 0.7958808304594824 0.9046968118542684
4
-0.587001629616418
-0.012275776227838486
-0.7621668811029043
-0.4186463181773348