2
None -0.37276628837272363 -0.8114026743378944 -0.12339786925176255
None 0.7466313256671746 0.5007327707799607 -0.4212161845872813
3
-0.02353434918191133 -0.7135772199936985 -0.2994719585792347 -0.30910550339130327 -0.6025467383318326
0.8576127829239295 0.5843196543102738 -0.8859185774367939 -0.7278301675902441 0.25737206220827646
0.5659096256284104 0.3538866932112308 -0.5094698308088781 -0.9170398679784657 -0.7979062311813032
4
-0.44703372969417066
-0.5297533544428297
-0.6889696555693239
0.21410480139781152