2
None -0.27410730288118557 -0.9964554923259628 0.25304370871955717
None 0.8340282817427318 -0.1988893057982808 -0.3861498862152042
3
-0.4405843711448627 -0.48667615830830147 0.5996406210692331 -0.4217162587555938 0.08429037281303486
0.939121872612841 -0.76282470384772 -0.4526322596333865 -0.6198027494385945 0.2162804019874991
-0.7895909673961627 0.14595978167586 0.8917613421069925 -0.8846142570480804 0.4468935378376606
4
0.9340749628248126
-0.34183397399339777
0.02094756364723982
0.06441111098995966