2
None 0.3276888563783755 -0.18845630443184813 -0.8180253339851864
None -0.5241957934175119 0.6134459179274205 0.13034133616633392
3
-0.2105981272499151 0.7285697447894062 -0.9081694757764651 -0.09151814305882167 0.9302757746250554
-0.4834020812419244 0.6757537177576343 -0.8624457778737489 -0.5597878829447427 -0.6313521960520772
-0.1931563021875602 0.15807772260674957 0.419952799261335 -0.5691269958950382 0.5612641163809651
4
-0.05845951756512835
-0.8049731579994706
0.325037958066938
0.9230550918361038