2
None -0.15876463538399732 -0.3972297603641284 0.7747117900112612
None -0.6733049430465479 -0.29395463130701915 0.005632636916784728
3
0.7151996225258697 -0.7741493834146707 0.009922251367165957 0.8331455232918961 0.7873122084719237
-0.349318677786459 0.19569930139224812 -0.8793508434599056 0.6611808333615528 -0.9343498831182773
0.8329334233716048 -0.8194586450114871 -0.9750999980405273 0.8100904995928861 -0.8815494561310955
4
0.9331320595714188
0.47240760756190836
-0.7567995231233584
0.5163220993801425