2
None 0.9217347898522357 -0.6883841299676474 -0.0920614477229087
None -0.27858074705802816 0.40099800117632634 -0.21476303393835017
3
0.24976609634659908 -0.5162817176689296 0.19831196573933307 -0.017665920411324754 0.6808892629050747
-0.41108192433117585 -0.8964867550907298 0.9991371585866433 0.9230378802654844 -0.3564782841160752
-0.6373257047210792 0.7230679424141779 0.42068924696015375 0.019011368255072547 0.4616180479098022
4
0.2782766262728693
0.9234177413472835
-0.339475823047541
-0.546640429457417