2
None 0.5492523312681883 0.4775494803861968 -0.5304765217904464
None -0.6521213929111329 -0.32669377245226494 0.9982807033585073
3
0.25976001460935727 0.10440944545114283 0.852037327943826 0.5938533219575981 -0.15432993778503357
0.10583909369116418 -0.5669429193529021 0.5281222888107151 -0.9945301877398234 0.3610513954296497
0.4731186599417143 -0.3188002564709682 -0.17081041579838008 0.9155295888359503 -0.38963453876432785
4
0.5186187114190579
0.829854902405323
-0.7649935521644675
0.9370652709066492