2
None -0.4765734296265771 -0.5844795145073267 -0.28561128784989376
None -0.563676699625119 -0.21345905829680367 -0.8216125492544
3
0.19798264377953712 0.2803411567066296 0.24030069610189364 -0.2856599613014208 0.45631828628134863
-0.2667354109233935 0.11761335189749778 -0.43134086829657714 -0.9294473508757795 0.06676332588238365
-0.25262373559457174 -0.337448623393521 -0.5790294931190727 -0.37313847273015943 -0.8838907528503099
4
-0.7559535560362134
0.20989602712903666
0.47822692202437733
0.7481168997782992