2
None 0.014762514884513411 0.8096632859222102 0.3734283705636525
None -0.9094410623658706 -0.9278315101738783 -0.6318998765669057
3
0.5605888080402399 -0.4557225557340423 -0.9089651234069056 0.8936181180981033 -0.9706710847012572
-0.5925507044571576 -0.0823443319533761 -0.2561267478417715 0.4479105327647266 -0.7003092661452914
-0.24972762149099403 -0.10212989133220352 -0.9527250629166308 -0.2160442930530131 0.46503249184559126
4
-0.8219757763600273
0.7622785916638242
0.36742551871822804
0.7457916987108504