2
None 0.8814597354048035 0.47311381675016717 -0.5702147486321474
None -0.4219295282668418 -0.34138163768047036 -0.7484506677950484
3
-0.012683388932300588 0.434534962858375 -0.14694083909814215 0.7707247671019692 0.010844697830371786
0.7653674238912067 -0.00026917875275311864 0.31338880303516103 -0.4274992145275467 -0.5397366252152627
0.2270152081677057 -0.6526245884731192 0.8725519279774716 0.992861913778994 -0.27667836518479727
4
-0.05357805214221756
0.32637646220674843
-0.9133229402086323
0.671323141693229