2
None 0.3438624793720977 0.45980251044715503 0.4082699195797659
None -0.414306881110978 0.6682342425049077 -0.39110677117129256
3
-0.71810675617367 -0.06183947708947213 0.46281344448446404 -0.2063925981586563 0.11712271502557248
0.9435857289427425 0.7494699445634432 0.7278519172243811 0.03924281711468236 -0.3559392869121323
0.46152879165823757 -0.5529863925443186 -0.2760752442337464 -0.9658731816223669 -0.6230835087608315
4
0.6978950326823614
-0.37241551285544494
-0.8959594127711608
0.7817608060339583