2
None 0.6035093337794004 -0.4336964457554773 0.6637446144458037
None -0.5211260207906836 0.4084550908955489 0.5464004560926823
3
0.021014349897008344 -0.6098108395903994 -0.2367604988462897 -0.5063455444522693 0.7519747148462068
-0.27451108489464615 0.7889142003529164 -0.8893773776136176 -0.7326348740691584 -0.5565694128649825
-0.5758596043618047 -0.9365188174286434 -0.8917305877948052 -0.3144465279712214 0.5063298661467557
4
0.38773581890342523
0.9980102172153571
-0.5848781633034039
0.672903929510257