2
None -0.3335729260388183 0.47042513560452415 -0.3349968660977407
None 0.4969481384498253 0.9084761536485839 0.8857662761355831
3
-0.8545358114602124 -0.14434389772552758 0.914122873629819 0.3932003706064964 -0.6522948029977591
-0.8060778318351385 0.05608491506166846 0.5035758263668879 0.6267439469833278 -0.18643595224688592
0.5808086691811685 -0.4000104560270097 0.8884206631992699 -0.47785487804079096 0.03667854900080325
4
0.7299018823991013
0.2948487508968285
-0.7627194551570746
0.7645211165832595