2
None -0.6342540412960951 -0.82801120084283 0.5540104802348951
None 0.3832345151475469 0.6919966396270467 0.2170515111832083
3
0.6628547226671209 -0.5175269859797194 0.20529666334441887 0.7752452291625993 0.12614572336991947
-0.3055496480386444 -0.5202875097112378 -0.8427219936951418 -0.1781091577383045 -0.8845012258325402
-0.3384128335060548 0.9664867038724827 0.13319543942510803 -0.1807543359411099 -0.6129144972131837
4
-0.766858097744058
-0.35717295553033357
-0.3695146232480535
-0.6074239764070395