2
None -0.010303447609792737 -0.16253732634271523 0.370980657292471
None -0.20092405881892628 -0.41990399283496416 -0.964824502768028
3
-0.15555721977211978 -0.5646582737102281 -0.9767949376063072 0.1584065957227092 -0.5583061905969087
0.6291640695714864 -0.3643531457176137 0.4932348599803895 0.5876371295205765 0.33039245951664564
-0.9751707853400486 -0.2850424717311537 -0.9787975106597155 -0.5240238661851155 0.8270286323556724
4
0.43846194743117173
0.3227118056836502
-0.8545681668875351
0.8743011671428513