2
None 0.20830000401774273 0.48127843722897556 0.2646935134078301
None -0.4660744596145747 -0.8147938805638086 -0.1657819274410317
3
-0.42185429065834956 -0.3105036487056838 0.6320202192353048 -0.550316045112828 0.7024123889470046
-0.516380316352951 -0.8452762968330538 0.8405884106456509 -0.15147483641169623 0.4037409606965443
-0.05485719383037546 0.10205718999509017 -0.99007726427909 -0.3810806920706895 0.014717376075203958
4
0.9306479266389815
0.5305130774800388
0.15794589612422283
-0.2964942535438102