2
None -0.1941295068775406 -0.39060650639230543 -0.29237180173350197
None 0.5519163462892227 -0.8777990262044739 0.23064775661442627
3
0.9582327798181354 0.851847998017006 0.17328894894652613 0.6059779164939505 -0.5718941281415693
-0.32102823155363813 -0.3810626253034044 0.138616166831534 0.7305780933337904 -0.8968909172609458
-0.7703342040270107 0.13167300825471995 -0.4247428715486459 0.04638188342323546 0.4623385106682165
4
0.3328778817613962
-0.31386067388165984
-0.9832994172993961
0.4362212431762875