2
None -0.9040402487504211 0.720339649059641 0.3886529030172656
None 0.8659692873960381 -0.8327727320110279 -0.9450236397647085
3
-0.3528636217912837 0.8643995338006822 0.29547224765298963 -0.37272920502751883 0.06173254751639723
-0.8625765083815768 -0.08020712552431264 -0.34143707932907197 0.07533456686277673 0.9615205181491067
-0.09287906110596977 -0.2546689109366007 -0.009514018110767575 -0.3481022756146763 -0.15521337421562142
4
0.9098695101215513
0.9184662073480869
-0.7413370905556012
0.7693757214831762