2
None 0.18601157156080084 0.4194336681948374 0.5757282838731996
None -0.05825217879596045 0.6744940021202452 -0.8272028567566945
3
-0.22093533684941846 -0.262393269449684 0.45528018380569435 0.1767126050053831 -0.8239292681302894
-0.769887181484328 0.4245062963505615 -0.3355927527955824 0.8132854085759824 -0.7508989426168355
-0.72901172618112 0.995635239908518 -0.5186169435958685 -0.614190753493582 -0.4489517641233416
4
-0.27926158724217953
0.6727958967084606
-0.5118159836258482
-6.376288802534269e-05