2
None 0.17137233816326702 -0.6711219021130674 0.7754260991282564
None -0.18000165301282522 0.5069043054740914 0.22134128172208944
3
-0.47405074294069904 0.9825877207362252 -0.25635362138835904 0.37569137717572754 -0.2398886025354401
0.8316707909746304 0.5554049859879926 0.5895140575906024 -0.9713734212579157 0.37733613498382934
0.47183179616640514 0.24105870578467248 -0.7695120001642974 -0.2890098165110051 -0.3318133077656489
4
-0.6980938809767541
0.4657779103004056
0.23609491450234033
0.9063124184696951