2
None -0.8651496583404361 -0.4382575937999553 0.8798629851154258
None 0.049586333189704845 -0.6620370247038492 0.014281078945565406
3
0.14313139601740632 -0.06299237202513552 0.30073903948489367 0.36158972422691327 -0.6156982093550594
-0.9949487016644087 -0.5990964202881641 0.3935741635390231 -0.251562846393089 -0.8939987894880876
0.24594306662324494 -0.15207516963928702 0.07159556624903662 -0.038532029963080694 0.8139163997358598
4
-0.5465697240735601
0.10417900747772446
-0.7253851242920519
0.5350966907441081