2
None 0.9782638443989475 0.39097192788910107 0.032347236456107265
None 0.9300863782128181 -0.45333671573733514 -0.5697563889900366
3
0.09227010015401782 0.6769617003407546 -0.273524253584011 -0.8834578875597228 0.8750153225009834
-0.6728277672371028 -0.8934303220884519 0.7771084958919432 -0.4846741242149297 -0.1342762823303254
-0.4297580462129589 -0.04828452795642857 0.07609636504780037 0.4231772763830459 -0.08113410542604282
4
0.8117528209455016
-0.20390155683079492
0.16772754509608534
0.6565649013760171