2
None -0.1005740051170585 -0.6112216152524519 0.7972934789602164
None 0.837392278736548 -0.4527355342999062 -0.34941319049828756
3
0.4814141740236084 0.6534103451115931 0.8364367490967048 0.9089160278674961 -0.18004478346608277
0.9708403371276857 0.6133083798045822 0.1313185489909301 0.5727793538624975 -0.24532195917089838
-0.7310097896343715 -0.7473664215342721 0.7481172011885182 -0.9581286445680066 0.05233624942236115
4
-0.4740052508896182
0.8683458975940632
0.3858066952338035
-0.20509183334577452