2
None 0.2990961920526769 -0.07398841384324961 0.8515868496457126
None 0.9581377518683856 -0.7478797299107796 -0.8497671644343419
3
-0.5636790385496759 -0.9326565366040789 -0.5876803399462389 -0.8874621457928462 -0.9833848047799547
0.6871885925899157 0.1302127244708966 -0.5547164814079903 -0.6353292978213745 0.1191239847771699
0.21670498043878839 0.7974339536172883 -0.4790729172248962 0.22616805554152264 -0.6339723667922441
4
-0.6992223369797319
-0.9600807367522581
0.5824143312833172
-0.6666690196179079