2
None 0.8754698984125961 -0.4710380074500482 0.3703617221907285
None 0.8840391735000257 0.2883231837682261 -0.2786112860393113
3
-0.7234551076294229 0.22975913709550122 0.13412040989783058 -0.5761156188324454 -0.5130849411076974
0.7772316419158123 -0.0030636265125045803 0.20942293602910023 -0.5265103872688925 0.5028516955590896
-0.30325648173573905 -0.6457435274263927 -0.9151590667243099 0.6049579793227855 0.8350865887033183
4
0.9650971750266135
0.2611644986319066
-0.14707865460642222
0.9979809053908015