2
None 0.9481694943972054 -0.00811334662530161 -0.7987853352463761
None -0.9707581662957061 -0.3218389379814721 -0.19670947748788215
3
0.09922248144658519 -0.8632750572704182 -0.8642876353597406 -0.1721207445252908 0.6685422148532141
-0.5346866124543892 0.3096409124858206 -0.5862402355386336 0.9537386782254413 0.20536603151516197
-0.40137543432954925 -0.5105001551596251 0.036142081419207495 -0.3095840435597048 -0.5329229819407715
4
0.1706001501724297
0.7693101657791255
0.980397038561265
-0.8279041947661632