2
None 0.513169410837204 0.8546164400088336 -0.43026046637371307
None 0.2755372194760981 -0.30880810324908814 -0.8161466629663789
3
0.9214579531024245 -0.0015072497936698959 -0.05978476590608839 -0.09748406119564312 0.5742995929580068
0.595865053732213 0.9477845726006526 0.1941805959966194 0.548733615850179 -0.6687106714400015
0.3180909778667349 -0.6237029008583399 0.03654236306858816 -0.42403425668133443 0.8071070006517864
4
0.4333823384070039
0.9904318025439804
-0.7492713838277973
0.9106209370835783