2
None 0.9242639356849218 -0.9865303492109516 0.37917027141588133
None -0.6956295132248556 0.4558018566761348 -0.10949344433639863
3
0.9728992819308473 0.15868281404918783 -0.6546756511244329 0.2525183753462006 0.6698354187317845
0.9008156410312795 0.9381882432116069 0.1084500393238621 0.40178974545091806 -0.21604476373873016
0.2319086655846574 -0.12596066630719105 0.608029828508722 0.3111071751323773 0.19180493611264815
4
0.5943364582152677
0.5947375003974318
0.6487531528341346
0.414346224834242