2
None -0.4660929486564813 -0.7817287120080159 -0.3523585461953356
None -0.7042279342423703 -0.49755268901395744 -0.9558718072095773
3
0.43409576317387555 -0.9662013217392025 0.9924685058467633 0.27652941028315947 0.436350319213324
0.0003746934955297654 0.07219242008640725 -0.5821951467163773 -0.17836623777916283 -0.6591663419547276
0.9184683533478313 0.4405322582621056 -0.642096512012658 0.9123315466708499 -0.18522157803100914
4
-0.2566990185250708
0.8850598767348496
0.6629670040392119
-0.8509463220923197