2
None 0.2851656864664891 -0.5797239570395687 0.7628116586628286
None -0.09849060865595449 -0.5532461411635861 -0.2618206619762131
3
-0.9363654563806576 0.4157928595580005 0.9718827620643928 0.34564310263921194 0.3041487273552155
-0.9273746868601869 0.31321581382092756 0.3469605335922934 0.2643902009987118 0.8326989747034343
0.5551920722708001 -0.2106873362037438 0.8945519455770887 0.49337993942509906 -0.7234906316111114
4
0.3302519580511012
-0.4479555214027948
-0.055371452647582364
-0.3425472130946605