2
None 0.7278684524291459 0.9889711478569481 -0.9150408807315233
None -0.31629289384663695 -0.9064493288053195 0.41341324924993894
3
0.31317211534965805 -0.8604807753281076 -0.9778888669398125 0.03822439616352802 -0.03868962077203242
-0.4858964358844131 0.8456965774979355 -0.6135007849882645 0.2056140240270803 0.7894773093927405
0.7167973977259243 0.5403552442689838 0.12192701708611509 -0.36321245769423904 -0.2911484079336446
4
0.6881919419314184
-0.40866352683139784
-0.025589422720574184
-0.9944548242631335