2
None -0.33803882319480527 -0.3081651184061953 -0.4779276469818141
None -0.5530082123040678 0.03343116042940775 -0.5046685525131864
3
-0.513434211851368 -0.42391081501730365 0.15627228669049265 -0.7751739490866569 -0.8656065062020835
-0.3760905788708162 0.30736031347966253 -0.21530373614876352 0.7585512673402219 -0.6999768731769587
-0.502699420432652 -0.18285489380562603 0.9770898400038373 0.03706976277816065 -0.5906483401797269
4
-0.5575877077992615
0.5378828766327983
-0.5264878195653921
0.12025794366163667