2
None -0.8773406911289607 -0.8086114276301373 0.3885057726126766
None -0.595559039044788 0.8836623227873874 -0.14286418102482168
3
-0.7641674073838536 -0.3158217567659065 0.008236529861334496 0.844884154439471 0.44768313749845645
-0.4587722595825028 -0.20921877940768585 0.19863737043318208 0.0880546451399995 -0.06754228754426972
0.3656589235871244 -0.8096359502745998 0.006564516940035903 -0.8849145001937206 -0.4089901600503305
4
-0.0361649819511074
0.7050337018611168
0.21903203955354456
-0.5379857620185706