2
None 0.38061050658817 -0.7335479626313308 0.07979926184033626
None 0.06824151859426375 0.948667522746929 0.9625292830135346
3
-0.01840134593324194 0.5863708746366372 0.08766523578065732 -0.12685409038377693 -0.630082495860057
-0.6463852794227207 -0.3398007570645938 0.2529136303315669 0.48567092835240944 0.66797810430902
0.1422872999597471 0.009039579638910888 0.6974938065782426 0.5372336561716229 0.6822054276930261
4
0.7901162280988803
0.48659271126276815
-0.16804165996285025
-0.10112896895568335