2
None -0.5989239152897503 0.4376962041656913 -0.035305598101556646
None 0.09593645213616497 0.32800327219950476 -0.001138951527871912
3
0.7875036912321034 0.2896317846046508 0.894369032253622 0.4839383847064167 -0.9749895751955455
-0.03026463401762225 0.30987743862596884 0.530291671232435 0.21896050805666478 0.988742352698726
0.17128093046578563 -0.8229715924599483 0.11078144412401736 -0.27046786722789995 -0.03211880441146464
4
0.428781453140453
0.8153267810154563
0.20963198693358986
-0.09744471202604954