2
None 0.522770399038007 -0.7097839061835567 -0.9750548520563096
None -0.983644676672343 0.7518268999852253 -0.7482844979504613
3
0.7096661094515289 0.27753576479479847 0.2223474670169343 -0.7383112211819389 0.21913056334676573
0.9778903992323418 -0.2210736856180382 -0.3396388231953682 0.4304412565827196 0.1436334967624595
-0.19875366896134317 0.17267903581774968 0.3697134972813858 -0.9552583996711874 -0.2699373626978767
4
-0.4096109829291177
0.2342897102242285
0.14854810246372607
0.757361886553092