2
None -0.520950817070323 0.5805508007881377 0.8048409829557333
None -0.516421406291143 0.6079123459565776 -0.9942407356124727
3
-0.798367304921052 0.8336178105664465 0.03566839139387423 -0.5392042908808468 0.8415488178375272
-0.7384635506207982 -0.3850095625505461 -0.33304955871202413 0.22425860611840776 0.23057525188318384
-0.5675949442790096 0.5181418891629965 0.8445009832906478 -0.10527204592145667 -0.12042209856511055
4
-0.17815942411705432
-0.886059308929052
0.48914536133059516
0.5413913874669887