2
None -0.8051972757385994 -0.4693261512914735 -0.9213959237283202
None 0.8961035745044528 0.7506594392409967 0.8040731894117623
3
0.6174138640247628 -0.8891023121345087 -0.34322695402741865 -0.19007494783074952 0.9550419055584121
0.5086570664497292 -0.15960819390542036 0.36076461813118144 -0.6804319010772499 0.44740780748522213
-0.9360329081876322 -0.584170395894579 -0.7076975524162297 0.6475064689666354 -0.18008927153948795
4
-0.40288662016801413
0.9595609800673788
0.7355108726791384
-0.696967517304699