2
None 0.14133693095025412 0.2495794434765719 0.1660886539904134
None -0.3303994703586435 0.8856023535715167 -0.26198333098126825
3
-0.9047580454003754 0.17570110537074846 0.5153362355550979 0.2699767822315673 0.5987644902739369
0.16785762566763207 0.6451603384919897 0.7562862342520689 0.13901868204871537 0.07061474360484432
0.9031345566008937 -0.7133930558904431 0.7888606561135216 -0.911500918764534 0.07974778073526223
4
0.5915562065212709
-0.2633723006706934
0.9594325536862094
0.005321417421854546