2
None -0.9407076086522195 -0.7622062953494857 0.4057843620150037
None 0.6145993924724729 -0.9770390831439535 -0.765240398214984
3
-0.864603721525486 0.11740975612908855 0.55715317191776 0.0956378128984876 -0.9987070700232759
0.6260610857659061 0.893464879020835 0.6727026473398634 -0.06932531505321582 0.3643521962888643
0.11618517719488719 -0.7566594113156895 0.5523559668325868 0.44304335168985887 -0.5958461703740332
4
0.3071152569582736
-0.01847918696886519
0.583165418172237
0.27870307753627643