2
None -0.6395899629295094 0.3176060902242839 -0.7589021042687363
None -0.26311271636989564 0.6964888207812445 -0.08892278603130532
3
-0.5753155399584264 -0.8026481698917025 -0.9892366203626612 0.3961229778367765 -0.738435569176414
0.24102164504275936 -0.28122603923987155 0.7571888170601564 0.822732221796117 -0.5376988629476578
-0.7269596236957283 0.8574080788760463 0.40821591617279807 0.7882629114149897 -0.08165880454821162
4
0.35253908050047755
0.17827663015579476
0.6327585873609702
0.4862697131553819