2
None 0.09778507291932281 -0.9384731232485131 -0.2929988678339279
None 0.23832348495560374 0.49720389192470194 0.8352733861847537
3
0.7056644003021588 -0.7176565973696252 0.6508754454186738 -0.4586528811708315 -0.2297779147950667
-0.46291781374065133 0.2249266957235141 0.713808768147574 -0.6388524312010606 0.3104744751082522
0.9816152818238764 -0.891684391095614 -0.17401912485418047 -0.04916220640530322 -0.3537981025253636
4
0.5981358479864514
0.8719502961232999
0.3817821207424168
-0.19363869031876657