2
None -0.947287094364754 -0.9185729720725344 0.5258053165591385
None 0.2291826064242004 -0.2164595893104948 0.8252276040194062
3
-0.219945158209764 -0.0745392276872312 0.7867084852359072 0.16761998716807236 -0.4025836295628129
0.6006215210436863 -0.7686052877707747 -0.8440204819617279 -0.859902013343633 0.11904957460995513
0.007308922474918322 0.7550773179463721 -0.5651743375476079 -0.6933654073828248 0.11619374025830265
4
0.06243415197303759
0.2350604108017147
-0.3051807036999574
0.5766866212813155