2
None -0.862155003665674 -0.22428126520762026 0.6286801009187779
None 0.9605554416105231 0.7117030444378922 -0.35074748689776425
3
0.6102481815431238 -0.06527646559509659 -0.06942680164234671 -0.6762282427144923 -0.5897276546921324
0.24707063958764008 -0.7749157694482864 -0.10341805421175798 0.9749091165307735 -0.3202181475973602
0.5525931345956028 -0.48517217182493155 -0.48551836994001274 0.9192667947683595 -0.9332321299952384
4
-0.20705937429141597
-0.45655111964872686
0.2994391021356819
0.9007687379983387