2
None -0.39438648426683254 0.00806890769874724 0.07256644755469788
None -0.4984001875137578 0.7413412626573481 -0.6649659629745803
3
-0.12400715922212147 -0.067451767170297 0.7439565027108896 0.5857664459036409 -0.5636344180408128
-0.9101537226985439 0.9285041405742376 -0.15163590760434875 -0.49361762018253996 0.8622130740706655
-0.09845919756839239 -0.44952301674539763 0.5903245624008444 -0.31941823410652836 0.8971311376791049
4
-0.07220071305292142
0.22478102061018745
-0.26301089492128304
-0.821086263930189