2
None 0.691021346219516 0.7065089194449203 -0.7344197484866029
None -0.23469856887015017 0.6140290979574983 -0.49756676813409184
3
-0.5640703932029199 -0.9528785052224291 0.7742571435707843 0.34154548658305983 0.2808901490141482
-0.09344224793077549 -0.14559479522537355 0.6516492615084561 -0.1152460131994617 -0.8960665452178767
0.5448000497534462 -0.5307780327899119 -0.2811161108106486 0.8997561172550317 -0.5870527775995829
4
-0.3298973285821496
-0.07431398024242175
-0.19264315576109303
-0.408176108404231