2
None 0.629943707143827 -0.7963304841031387 0.022509189645098182
None 0.10748388526617392 -0.4085608061186934 0.6779868113048426
3
-0.1298539880573344 -0.39825967301285714 -0.6895692590449343 0.15587995361201878 -0.932403586913259
-0.06609051772010566 0.08824025099677013 -0.5622550832322335 -0.32399696263653865 0.9874107379119739
-0.6943186153835224 0.4024299623107499 -0.7076172138694437 -0.050462061170308825 -0.41155082984280034
4
0.02976332996319031
0.00803048044537591
0.28333837069457957
-0.18854348049920588