2
None -0.2641263892998127 0.42378566294242237 0.8883563043155203
None 0.28162067002570623 -0.45930055328738084 0.3862733196142103
3
-0.19107567946321136 0.758791989352599 0.7452551634277838 -0.8008100043406103 -0.5344637362907079
0.21701679126420048 0.09668021770056079 0.6311158767769469 0.18240812395205297 0.6592850167596997
-0.38889832574314376 -0.6467238167911686 -0.6700219371810123 -0.26121893444931965 0.46644557906598716
4
0.6157339415637519
0.10090340754773242
0.31430957078979893
0.5366389288292075