2
None 0.4451664529896078 -0.5111588763747841 0.7712586700786874
None -0.5972090825314809 -0.5158247838715428 0.05110327562277539
3
0.1075253958793414 0.38857667671082496 0.675452094889855 -0.2625047137246237 -0.08493615973405277
0.23865261102818813 -0.6751374244310133 -0.6068528765665908 -0.6140304349278827 0.8647710628183234
0.9752545619156083 0.5741023738715232 -0.4620617489566101 -0.4026212884895233 0.21834776584094362
4
0.8483730193213277
0.8520413556860411
-0.17057874847274013
-0.0642179418265083