2
None 0.8624230958356796 -0.3261448107123164 0.6585605863400477
None 0.4138181593936272 -0.5439422887825649 -0.7117598831762595
3
0.5405667826600826 -0.31792910575138933 0.14766978760142124 -0.1278600735038764 -0.099519209691044
0.9115213631711139 -0.18190759670788803 0.72025610704578 0.37691560339795704 0.8477486790205437
0.05165563509397475 -0.7576642469173911 -0.45724604192547225 -0.09429437164826471 -0.3572778038718598
4
-0.4147100479960453
0.22371373223912716
-0.21653343646254264
-0.6471912044167849