2
None 0.358389942552213 -0.9987275314245414 0.5960839136748608
None 0.15346827698572651 0.9742695835917221 -0.09264106702797004
3
0.2019142404515295 -0.856344657104597 0.17582051747021876 -0.9118187458167182 -0.6173979229377422
0.7387171822896434 0.3079629562080055 0.12905351386959296 0.060028302904465924 0.7930144355732189
-0.3225913490011658 -0.09382350849564136 0.7411545139721554 0.9636716314999649 0.6469190366703486
4
-0.2247839210783591
0.7960640059918291
-0.8652568692466875
0.5004440861284878