2
None 0.06367545641096095 0.056763688836262816 -0.5848119354798964
None -0.1956846883470753 0.3375883196771392 -0.6596480156681996
3
-0.9072070571354185 0.6013705084207988 -0.9710595578737242 0.6716419001745277 0.18287309657537087
-0.6187668312244963 0.9832200867764112 0.249980370329977 0.21231565848530165 -0.7895191952239817
-0.8371185144488351 0.011649785633485621 0.2956360369497375 -0.3915821602694618 -0.6592380397549138
4
-0.41529007052374745
-0.9891863750529621
-0.7451627051031933
0.17873544773863137