2
None -0.6800821239608856 -0.8872598289226559 -0.9176792612112181
None 0.9329238725564595 -0.29468043838169944 -0.6740417271171859
3
-0.671642487186779 -0.09904888948963109 0.559361576239255 -0.819071716844455 0.375260426009153
0.946067007408006 -0.13434823153203235 -0.33901426329157913 0.03289560932829039 -0.22817358543281818
-0.3688773372471932 -0.4471401369432304 0.6093821284604055 -0.5869299782748809 0.10468513318668249
4
-0.48860262543391864
0.9064038854937715
-0.990030087208652
0.6082310390549688