2
None -0.8352228830311526 0.05904496070162146 0.35152115593207967
None -0.004804814172796323 0.740692837119389 0.016096848045205503
3
-0.5393622604270323 -0.5849575262833837 0.006320877797735269 0.38349439063131374 -0.21043364838370437
-0.6262700862442692 -0.30850991562934826 -0.9759934964182813 0.5764591675387258 0.6092189795466845
-0.7898153716414769 -0.34075154119567275 -0.40826638815513805 0.529416359463142 0.0500205282951951
4
0.9655793586717403
0.5712369601969103
0.7652115577943963
0.1958790918780784