2
None -0.21833228050218367 -0.47252212844490904 0.40465882148731813
None 0.018469661600850173 -0.24490676129544964 -0.71582158742977
3
-0.2523990792105901 0.0329617162192386 -0.8631737287918229 -0.6582642010957458 0.9879210420134119
0.535465290940272 -0.7782057128331707 -0.13070866035035955 -0.8367280761539431 -0.5537505015080284
0.1990001254840923 -0.700310685066005 -0.8314936350006319 0.5293644255645296 -0.5499963224719044
4
0.6342842233765464
0.5950027701630967
0.30705641215605217
0.7148118394773666