2
None -0.6178173063001293 -0.2555782307539103 -0.26972845285355906
None 0.5525020603434789 -0.06123410304609744 -0.034375039637180915
3
0.4716833201231361 0.36086004800858085 0.8287632376588274 0.5079811345827951 -0.2189101278838954
0.07078960921643551 -0.756865622489477 0.37552522660192333 -0.6901239244820976 -0.23849293550112938
0.33993505763743137 0.38506682616767707 0.08610373514523184 -0.9220911881548723 0.5964956675792128
4
-0.1502889431521428
-0.3578986383280558
0.5832310647645256
-0.3470141675312457