2
None -0.9245492462158678 -0.6008003581771013 -0.26895719784050676
None -0.29846779032833437 -0.24826111234010195 0.5695325497934578
3
-0.18090752848939307 0.7124341217769328 0.06981150081706544 -0.7413898606441043 0.2872082868144228
0.53528669333529 -0.26433023421946156 -0.18457009766631605 0.27626365415224274 -0.10480332531768388
-0.3333449327093929 -0.8492138688678277 -0.49099934096748377 -0.4506566173823805 0.8711457428430474
4
-0.43719222052399953
0.00324523752458572
0.5847020859410514
-0.19986435834927918