2
None 0.8819893708364352 -0.9831288463704941 0.8543047765012501
None -0.7968186054476485 -0.5836804776539894 0.44902412091551636
3
0.5399197430854394 -0.28204077167924746 0.3696443183346838 0.8011656674898742 0.14941642945068234
0.16909115708097855 -0.991506760920611 -0.8694760123946601 0.42079232289638635 -0.23288950130116204
-0.4796633961953849 -0.6912411704892287 0.42062349233255225 0.31549847144503484 0.21978488270495
4
0.9269996800327891
0.6967059615643236
-0.01812550750125075
-0.29067159873060544