2
None -0.7982347362061029 0.4200271588000899 -0.7392632436532385
None -0.06892778362827734 -0.2886845495617645 -0.20136753851502776
3
-0.8797177780411476 -0.6324538569335878 0.9425057738389202 0.2087000315673 0.2993960086360752
0.07458461500819613 0.14823127679864023 -0.9928009637719593 -0.36664626628590136 -0.9131719823259865
0.9780153302675532 0.6936940292651932 0.28639264726777935 0.4219339816894261 -0.9094758171103579
4
-0.4582997217814704
0.860341977154232
0.888947290830711
-0.5121926579793323