2
None -0.4962705081439158 0.11045739925425968 0.15814788298274518
None 0.24855294176923848 0.011052101424004812 0.08884148048377649
3
-0.04636429729431968 -0.8752424801306278 0.7897622758553786 -0.03068115974116825 -0.9368215288803119
0.825603629153919 0.03886953438364715 0.20023527112357042 0.9582023511235798 0.7434907531449544
0.033644015987171594 0.35715703446046976 -0.4114838776696421 -0.5478974987077354 -0.3476608248933537
4
0.3611432046727572
-0.773234675808891
0.04513807887978194
-0.7582585293989552