2
None 0.7781222432723685 0.43032183326343865 0.43800326968168046
None 0.4311043292384895 -0.6499406681358264 0.7196332566297066
3
-0.6548737572993526 0.8523233249357769 -0.6684945204696899 0.9838065098503093 -0.37684834419255564
0.7909835852981357 0.9631367210303972 0.8253935025868278 -0.18163421014741798 0.45055818374992884
0.6878610775341827 -0.4203606419050021 -0.16599919245181738 -0.9083250767120545 0.5755903908995463
4
-0.40257373913022376
0.3000129474458182
-0.6824482507003304
-0.5048399541997832