2
None 0.20243813438665947 -0.9530172999287267 -0.32407845978845895
None 0.6048487826434044 -0.7050541367412839 0.1494523150162157
3
-0.18546407824302902 -0.5332145548640963 -0.8039667242078077 -0.40402575997079215 -0.11964528708481992
0.5343842668271088 0.5902397511788091 0.4679885520437077 0.785272929895737 -0.5162668412860234
-0.030958112555315553 0.4839047455117589 -0.09853337434327103 0.9338213929676402 -0.7739429927568029
4
0.2868447121669737
-0.34396553310080313
-0.4121785195628922
-0.841911169791042