2
None 0.21393374864321335 0.8980355382797729 0.7857068856998664
None 0.6209568489672563 -0.7811095988696433 -0.3799282324365332
3
0.8617420554795947 -0.940381008535693 0.7261304569085565 -0.35623061964261993 0.2693772208245555
0.8401194011783237 0.7552586622636057 -0.4127886241106016 0.8543379651471876 -0.9925973720453014
0.34830797257380497 0.28078179588588714 0.6283359852267287 -0.8547956232722871 0.37674085593959883
4
0.1061871436416757
0.4757510390760822
-0.796106654327966
0.7872074872909658