2
None -0.8771284184169772 -0.8176241408795786 -0.38775101781771726
None -0.9130288349876865 -0.7139481078965546 0.5974700717594861
3
0.04446396402289543 0.5701408023227037 0.4969519898581074 -0.3257021539702476 -0.8772489510668617
0.32939142855707115 -0.4947390842824111 -0.8921494599101212 0.7384288748347942 0.7087680643270531
-0.751245559470112 -0.11500465204226606 -0.2100136668992827 0.5261003468621941 -0.7317406953843277
4
-0.05979438345133392
0.6434552275444589
0.5794069174825487
-0.34568021299768725