2
None 0.6782453414601683 -0.22773901150709408 -0.4376951202024042
None -0.6196039328201384 0.136661047513162 0.5061196780828452
3
-0.9840448382706002 -0.20740840958283413 0.3016689845599638 0.9186618176862742 0.27199481364239153
-0.8953204502776368 0.779135545064773 0.6198973157743537 0.6619988034447395 0.1612817724086304
0.5311732461110654 0.3487287335551872 -0.573953369444578 0.9886168065686127 -0.6758292197612552
4
0.13920772004594784
-0.9075248903170348
-0.16612012039691293
0.3111692590592747