2
None -0.8282392693459495 -0.7229491726289357 -0.18523280938075315
None -0.32156483703496574 -0.3706333044086332 -0.2932217585272501
3
-0.6202989200827 0.4662275135678702 0.9359362220558569 0.8784704445965479 -0.812015485125074
-0.9544362307949585 -0.27635679134653124 0.1949248248305362 0.6832268938418498 0.9088252233415521
0.266981072560476 -0.3636624694325805 -0.5049674625144676 -0.36433169548332023 -0.28865683740543524
4
-0.7548729656262456
0.908700872886955
-0.9915199928948459
-0.3585487973965893