2
None 0.23675894505443829 -0.4930985900389986 0.49298450758583123
None -0.5687545462419221 0.3336149559875259 0.774796866714538
3
0.9013049598011948 0.04024876235595265 -0.42746287977238095 0.38664078664408974 0.5601869194812303
0.8483968939349811 -0.47587533446791874 0.2577451237166002 -0.34737132067448706 -0.5676318972658685
0.9085188328688039 0.5835944769548407 0.983585709409849 -0.41402568298086617 0.6914395270017497
4
-0.17405367812593386
0.5471559385386022
-0.9804381163287841
-0.3238246874141286