2
None -0.1033622204049407 -0.18265088865834844 0.36066204127666124
None -0.696697327495654 -0.6070145549393517 0.6938369955583104
3
0.8083418425998703 -0.28064714302083926 0.17517362850052498 -0.5600133442891269 -0.147833670409379
-0.9708747648988629 0.6017919522878372 0.014581981251189147 -0.7592947548787095 0.32786665472347876
0.9483505167384931 -0.9495398220343019 0.36459196982994735 0.8191246910917258 0.8635896757205317
4
0.5422198103047775
0.5098439031644928
0.90368978369992
-0.3739986719171693