2
None 0.06331260398086935 0.12802861285216505 -0.6909611457578109
None 0.8320289773692899 -0.15413524484557062 -0.8918818376063675
3
0.8738336979416408 -0.17224622328027062 0.8172240580293382 0.42835803446018494 -0.7930379981756965
-0.34709755036459855 0.13577307389419957 -0.3479272087664569 -0.6700578738702452 0.6268195422234997
-0.8588282961749607 0.9938790971728093 0.7575246662568438 -0.3360979875538377 0.6628691051558016
4
-0.8795569221506405
-0.7760571713378777
0.9808250191210914
-0.18995444583693555