2
None -0.6134449879858201 -0.14523280604467415 -0.3063274047258058
None 0.796879977139872 0.15202872562619896 -0.18351085550714563
3
-0.6622447182138089 0.8164194229645152 -0.840974334131497 -0.46336213016483874 -0.7375085461753634
0.32180554658972715 0.7021640018752042 -0.08577739147352714 0.6906997572926674 -0.6077105769036686
0.02557289122941353 0.7344297420320125 0.40541045720350244 0.028403948321867878 0.970196995686182
4
0.9778977567358167
-0.8087600177880587
0.506296128288849
0.47676655847982463