2
None 0.4548090415521022 0.49271793227137595 -0.5718685154526444
None 0.3485275379679533 -0.6579886052692827 0.3618605652557103
3
-0.5634817672485475 -0.11990058607126408 -0.25305153658424784 0.36852528526408923 -0.9758326509746693
0.9532980871138204 0.5082966764250836 0.7983568988422967 0.08161541136471673 -0.829834503165412
-0.9022633675442349 -0.706122241748441 -0.5941683014524126 0.2764466646974364 0.7501378105593537
4
0.21374992024529438
-0.61739463496823
-0.6497026979602458
0.006255646768715373