2
None -0.9293876144161999 0.6843502605834444 0.8384245598515025
None 0.5899351710969671 0.820328969752143 0.6197522072339421
3
0.8924430274827222 -0.6094939890848845 -0.4749136123584359 -0.7935945348329767 0.18209206472596562
-0.4596901790953214 0.9500297842080732 0.8036240892124538 0.9197864519335763 -0.4191609461556509
-0.5180395556237032 0.6494296053672006 -0.47855635952552555 0.7276432001816127 -0.2556618675643165
4
-0.38220260653158533
0.4954990262909107
-0.7923761560389679
0.12518067516233677