2
None 0.008919658812687636 -0.026760115593232214 -0.5759126453296937
None 0.6895139510114983 -0.9313644812457733 -0.9637089758546473
3
-0.8272827971959895 0.05976152332205875 -0.15242199698184633 0.9976908598457219 -0.7186612439882636
-0.2490313240547315 0.7416740032086653 -0.9686792649315485 0.5444213140639889 0.1831222921623079
-0.5026371437820711 0.9295671969072243 0.4060677711081253 0.6568858464013536 0.9984199858088227
4
0.1677124338716931
0.9472537793675528
0.3716307798119929
0.8333615926775704