2
None 0.7013994803645083 0.7237134242196617 -0.1481551337412832
None -0.5993846690381768 -0.17742671950433486 -0.7239168384395658
3
0.38385060519218417 -0.35615438708897695 0.510558092555865 0.47707294940222855 0.4521352830578742
-0.9477625934533898 -0.5711469837011756 0.14990362232559473 0.12476472549409312 -0.9892802921328012
-0.8965960957958625 -0.8046843069505965 0.8016737303914605 0.7008812437349548 -0.8565558732547183
4
-0.4187402177959336
0.22429422542246558
0.15312491936293293
0.6775943418547732