2
None -0.5697791409391442 0.4465010886409395 -0.5026962659772698
None 0.7557073423307188 0.9979463531520072 -0.8835529408273899
3
0.12465917927031445 0.7344261369199241 -0.4836063821616301 0.5706988047893031 0.9396133812007545
0.3363922152544152 0.5365746377684157 -0.176330588987897 0.4092670665812117 0.6854917991903031
0.9710030606972107 -0.6263004961083043 0.5573806812742645 0.43456996019782457 0.24161293620438373
4
-0.6262449129002776
-0.2080581314914749
-0.1638059023858156
0.3197285087677262