2
None 0.6817125355916409 0.9461053965790363 -0.04072343112742982
None -0.27080423238162377 -0.4754318261247399 -0.19125142865892952
3
-0.5750840447600869 -0.7842688964170648 -0.6327590738129825 0.5955191317831916 0.5806915888249362
-0.005665940894271415 0.5227304830971808 0.5747366344024807 -0.19836128496673444 -0.07964891769802929
-0.5145779716520611 -0.06147289700518521 -0.19217335310086936 0.3241531341731816 0.8697660688950324
4
0.6713991398732879
-0.5833570176637226
-0.48564927639751776
0.3564233832861088