2
None -0.3854477552201869 -0.6527415374223522 -0.41950837064719226
None -0.13763896928226882 -0.5851747688785816 -0.012021854298379875
3
-0.2978373679711477 -0.47173904392317567 0.013475252669120419 0.017947041462555546 0.44726524150437963
-0.8831615905658312 0.9786278880217183 0.8371153732558783 0.8569465488345613 0.8358309472658327
-0.5998800025855608 0.04027662066538462 -0.7661363594231005 -0.39774350206065057 -0.7704703488446234
4
0.4553628846037261
-0.35457082772296356
-0.5200226647198904
-0.14231011464350796