2
None -0.7163235571025248 -0.12074957366590122 0.6424655590005965
None 0.07675729835048828 0.260632265417198 0.09692115158388637
3
0.038778472568815836 -0.24064753244770287 -0.6319114945555675 0.15111498421866165 -0.07806171860299482
0.5306044362543425 0.658457469431531 0.685298417921147 -0.30055477452929646 0.3824609943927877
-0.7851741173147289 -0.5194213756037935 -0.7259990720403877 -0.27119319977910994 0.9040991105314213
4
0.6579769915578457
-0.7038184677047821
0.08142826142819493
-0.6359184353860174