2
None 0.853408431227014 -0.3319058587546466 0.20246376006797973
None -0.5443047504688365 -0.38709372126873776 -0.6466201112405339
3
-0.9587794237382048 0.15233618986128517 -0.8536961081246981 -0.47052412967467694 0.02129127784826501
-0.9708750889113236 -0.6128975650563482 0.33020340003799054 -0.13813207855613352 0.003649032872955038
-0.7770604898160147 0.151540028873425 -0.6016501133894665 0.9891568069593057 -0.443852462408415
4
-0.7760430939020897
0.62698363873738
-0.9481596642030838
-0.45644777092896427