2
None 0.4053765311693962 -0.4379726993061017 -0.580686573723787
None -0.5856896118679349 0.04089213257468982 -0.028126980404388435
3
0.02415752307759389 -0.7839549994650832 -0.09533618438824254 0.28269395705789124 0.5857107342954073
-0.5986717016594112 0.4359178919195923 0.6305902216334058 0.9040375984977467 0.05215760413761439
-0.7467345626188322 -0.8859765476413661 0.24235648909100393 -0.7487273423823948 -0.5517642573047863
4
-0.3352189048290952
0.6461043667367665
0.1553824478894814
0.518966873439807