2
None -0.6405865085149873 -0.8419152158654819 0.5036616667426359
None 0.24340374726585678 0.5566683047959289 -0.41979878035414053
3
-0.12393324854387999 -0.9250869608988419 0.8631597673757183 0.7765940630333381 -0.9017194935221284
0.9660282581131623 -0.5421386491028284 -0.35752274323049504 0.23307334506055288 0.7081327018926551
0.9269063456594011 -0.5355820290129831 0.36340733542768966 -0.6613687731748703 0.402042079891594
4
0.24921502076092383
-0.013253028255120203
0.3454501558758054
-0.3258947396754279