2
None 0.7938043953098823 0.6723940477905672 -0.7338210344189402
None 0.205268139361253 -0.6479026656545528 -0.13069448157439845
3
-0.786968905935713 0.0860656275762719 -0.7815990522560361 0.9824353992228665 0.3688919420677852
-0.7276675307150677 0.6984435560348647 -0.2115802873678041 0.4836827079893895 -0.1287690730721296
0.615842032962745 -0.9229234719674755 -0.46487932814650623 0.6481491471362308 -0.5161255996015595
4
-0.23143830096730067
0.7045903775008713
0.14629217974479958
-0.5278560438188586