2
None -0.7145894455182464 0.6774479711162025 -0.618027021026031
None 0.021840991115078978 -0.9939081670110748 0.9231206092547977
3
0.8917354426247281 -0.7054528395134687 0.2835429434554093 -0.9720661348301918 -0.6715139215118318
-0.5012629759677085 -0.9598264133960284 -0.7956498404485604 0.4240621059436176 0.2422594905319333
-0.13377014716282432 0.8543224253317903 -0.9400421776275274 -0.9483502016898904 0.3664697985099086
4
0.006411575454306151
-0.2659403963557434
-0.6209448016056602
-0.5438572597240687