2
None -0.9909069019956109 0.5808205546973211 0.7729801972346215
None 0.11292615647354176 -0.4140444080445844 -0.4928685489571243
3
-0.8608957696460309 -0.050124444683182556 -0.5780885246965972 -0.7335826507408587 -0.9709588962159941
-0.885924233106711 0.5276190560185228 -0.057813730030978006 0.8445019482162603 0.6839023162551856
0.793408669465691 -0.052941932056994156 0.9949986596056721 0.2103230695332574 0.045308305890467304
4
-0.11485512943710985
-0.26470443840527147
-0.4177633694785634
-0.12755614921727365