2
None -0.4668733505556031 -0.3357796905593353 -0.30464618502192153
None -0.22174542837742495 0.7592215037642218 -0.2974019941352892
3
-0.5124830847559536 0.4903259972355505 0.5561885570898195 0.8892434463368928 -0.09070732836307638
-0.7736757792287465 -0.9556503811351862 -0.25916784709605745 -0.2176631441829211 0.7677405371390991
0.8014180845657395 0.9363751715216482 0.6212382630918152 0.12616294357744806 -0.5472934597663293
4
0.34375445748090994
-0.43825724203969907
0.22014886552327684
0.32773575252691733