2
None -0.41546773886243593 0.3047023275053167 0.5545651285149202
None 0.6075042096595176 0.26943142565200495 0.31235073942345415
3
0.6878901367250736 0.5538073727935342 0.8245716323282264 0.33809089015811633 0.6260374383363028
0.7117850598082516 -0.23663669764813666 0.8179856537839696 0.4333933274986643 -0.7466297536807411
-0.43370079508885984 0.5488736325404808 -0.9825088259765689 -0.07130965609017204 -0.9348701708176466
4
0.8755225505493327
0.07137890483136955
-0.7825085307266524
-0.3374558023634693