2
None 0.8189283119076622 -0.5513134947260063 0.2954456494040547
None -0.9004109377612006 0.36037696720198253 0.9636011652152443
3
-0.75543633756749 -0.7133684562398646 0.4677076380264633 -0.32492811727157234 -0.018898642096593088
-0.33463468413852904 0.8772708842410124 -0.8978839096354483 0.727256738806318 0.5457372580290774
0.0723883584994296 0.20266526755212055 -0.23184490532737834 0.8994598080678353 -0.3740030639279446
4
-0.5147584525570028
-0.6473720490016555
-0.9206238463965373
0.21262378238768753