2
None 0.27997517679834805 0.13847735239510683 -0.9529693094535052
None 0.5675733899330091 0.7244759097204012 0.3360166286931534
3
-0.45547496218179684 0.9690587501958798 0.103320220927271 0.1584095235917422 0.1295723995241722
0.47780451802959845 0.0015617792936257757 0.48464577320871793 0.887877360968464 0.7420230800259096
0.4396631778147806 0.1294788868317629 0.8005527415974527 -0.2677976224825507 0.3183065228824753
4
-0.8128669395492887
-0.8348851255219107
-0.9013882473631585
-0.9950185931729199