2
None 0.4960161655832662 -0.395109064988453 0.27508853431183167
None -0.33407084242358986 -0.04694827307452232 -0.428733963053451
3
-0.42364713894831807 0.8431242013699105 0.4734016330639075 -0.18028740083990447 0.5289453871051486
-0.6770256717403 -0.9207468367354843 -0.30879994776222874 0.35118400424545326 -0.8021895181446985
-0.35455838022366937 0.580375414505405 0.8916296663167618 0.8733179741741182 0.9926657447770191
4
-0.6703961408926404
-0.4854358241993828
0.978765343647553
0.05269607524375153