2
None -0.632208535514174 0.9691396029762886 0.9733476945551529
None 0.46932737550888115 0.5269045158527121 -0.32691598338593186
3
0.6556885320987613 0.38164492176264275 0.18914034954249992 0.5746495095691664 -0.7777264234984325
0.5048843051819516 -0.00860257167317835 0.8131279226349089 -0.46547527686816603 0.6998504565018384
-0.17058541186248255 -0.7658188432875965 0.642311100167366 0.467927065406764 -0.8098336448358117
4
-0.7833933536972542
0.3306766086813826
-0.7432666423744592
0.5273284147403494