2
None 0.4803981022624797 -0.5599171002294885 -0.7496300178866642
None -0.28084342315871025 -0.08717755839768415 -0.09341010653476123
3
0.14687893860497936 0.9131894152587052 0.9219146519692576 -0.5865172728383892 -0.49184358101646874
-0.5418855327494045 -0.8444145027790115 0.23511673011069645 -0.31643672001667467 -0.6788959176496514
0.6115457400542359 -0.18907780234606641 0.9390097774254791 0.32581349042781405 -0.5510346890160129
4
0.9534432753244646
-0.5836123077727762
0.6625030920455821
-0.9130368186153845