2
None 0.9802404878037487 0.4052807956113995 -0.29678679002116515
None -0.991432799716256 0.4502038529829129 0.14494569647130895
3
0.7040414786853848 0.9617243440934682 0.2091221322359953 -0.48347006055954433 0.35142431008135633
0.23570577085576483 0.1250585771323729 0.2730424591190199 -0.10596998096730981 0.0018218022426421676
-0.48601853918253424 0.9644420461299106 -0.9922559916303884 -0.23144467394239143 -0.5232852753724586
4
0.3218967141089528
-0.837210800968829
-0.3647373462335013
0.058445890348367335