2
None -0.3805666683004365 0.9231214600557804 -0.3671052904527694
None -0.042115753481620555 0.9594446608102054 0.5072585238191796
3
0.9992169927181975 -0.4180943281453393 0.28457583190576696 0.26907507628997385 0.5221917925505286
0.3793074434695798 -0.18733377865446021 -0.25022990336165063 0.8258093106584343 -0.5923989951425015
0.7332008045228586 0.4820012345449769 0.29952330811202077 -0.696553285339359 -0.9747103995184072
4
0.8040234010327061
-0.18047564951925654
-0.16775965944338544
-0.8448296961354138