2
None -0.7089827967556666 0.4542448596331714 0.4698898968353331
None -0.4254917073417379 -0.9307711391529865 0.920982181456105
3
0.20939568751359738 -0.9847042447281917 0.37370363748440716 -0.9185233904366894 -0.873108649527832
-0.7588336201964094 0.7646249003127419 -0.6111339671516847 -0.6518044143695492 -0.5954514162362672
0.9139723226715089 0.31329930201584455 0.9821852514536655 -0.45154653810037737 0.8436669560984378
4
0.500142630126966
-0.5136561138984241
-0.5330617783676981
0.7022356639686251