2
None 0.5925848909095408 -0.8100532733929264 0.6533904108376689
None -0.10807700493853223 0.7262634249335915 0.8711230444035563
3
-0.27489998311537 0.1737987113826862 0.08079991952434318 0.37634314404005975 -0.6310119757044064
0.875365509901074 0.17551458571770295 -0.2989383189606398 -0.9406821830777639 -0.08007330602502338
0.5008628138070084 0.014645700381407112 0.7100138818171116 0.9595521921548669 -0.19622319322980197
4
-0.7917171983631295
-0.7704520126736853
-0.20706218510048657
-0.8406597120982437