2
None 0.03388873381669266 0.8593620632713654 0.5200599738147629
None 0.08115449954003329 -0.7334710729423757 -0.6066535288839179
3
0.6925283865337721 -0.5911317021546338 0.1838215642493668 0.928018148178634 0.4902460287284456
0.4661633543415522 -0.39898045963267537 0.00106892056296215 0.80472168186704 -0.32873772195508577
0.5267250553774825 -0.8603950271944494 -0.4262288401577168 -0.6137147682627135 -0.3244931964341009
4
-0.25364322980910736
-0.7818600725917189
0.3071088745227788
0.4665188395548965