2
None 0.15713419183257638 -0.9956090094368404 -0.16478504977969344
None 0.22247592527721904 0.37272829023441423 0.08850530509178212
3
0.33117742688621377 -0.08546566112617993 0.031607138966255555 0.05709143865758781 0.33722568056696756
-0.8227390190733876 -0.49614519124894585 0.6741213597794689 0.5522133780206939 0.49222233051691333
-0.5885487325240744 0.5664434834267023 -0.3383052651843186 0.38130311711481313 0.6728043689239114
4
-0.5400866439929881
0.9855381983083342
0.6883577464500705
0.8172389765568762