2
None 0.4250369592675809 0.10999727440169393 -0.6988815680930045
None -0.34815832358149135 -0.9676680209300175 -0.822891973241715
3
0.7371544435010873 -0.9457388428746307 0.7208587048919923 0.5421626594591986 0.039139244072153856
-0.7549612090683893 -0.5492505666397629 -0.45225405576662814 0.17131862614235227 -0.9664159016530274
-0.7321712760901473 -0.33042329071106336 -0.8174419938015722 0.2914135641696729 0.48899718127326364
4
0.8956759835812991
0.34862045751953774
0.570838815977315
0.8204697189423027