2
None -0.10402392577760122 0.08949807765503315 0.9980797291644206
None -0.39352074263252734 0.21291466715928653 -0.9798190382979619
3
0.8109902727407157 -0.3993851020304817 0.6231997427138098 0.9555023720882199 -0.7006261170000496
-0.26104889486940985 -0.5219076062872501 -0.6869852272619812 0.8927635544195205 -0.22870770027448462
-0.43462256253955056 0.9011828637660646 0.33391655130236453 0.6397165153234001 -0.10125772108641873
4
0.038094467540766175
-0.3363078275753364
-0.2184171393137213
-0.14476994039583757