2
None -0.2165519452114233 0.4364098841152797 -0.23348331029666247
None -0.6808308127329257 0.3854729766720517 0.859877889705094
3
0.5631941105439155 -0.828180951251912 0.07981299080975779 -0.27577612185428535 0.6801047806801921
-0.06861107693013246 -0.6461033459018224 0.6049299460381616 -0.5878314990993712 -0.2914078562568079
0.7710694448022155 0.6785001938978741 -0.7047513804445285 -0.8960488649158456 -0.8480186356227613
4
0.8055849797780907
-0.583211018150015
0.6835689108213863
-0.39647255086076827