2
None 0.1721544861421922 0.4489803210969725 -0.1024579932566565
None 0.16422919231968902 -0.9877650312439672 -0.49158777038508505
3
0.05060363808004609 0.7681186035688305 -0.14221495956533414 0.05609564426967539 -0.45854940663880495
-0.6736937678708661 0.36117469036131666 -0.5705278552919897 0.7386846842973958 -0.05151605668025172
-0.894843708334883 -0.3898676909789389 0.6975661730831109 -0.6091233931725384 -0.2764341816857223
4
0.5549962485935875
-0.7894922516133636
0.30230686857793154
0.39055864959402053