2
None 0.733424816418881 -0.10570672632667555 0.08059128864971576
None -0.513694525548894 -0.5617843766534674 -0.16154726041009781
3
-0.5701326826124742 -0.09957241517049575 -0.691627425153861 0.4912770592030802 -0.6560880925560288
-0.9056310218441559 -0.44919616426092257 -0.912279650606802 -0.8294629388082848 0.2991341252557407
-0.5703693266152208 0.7416565333632112 0.357524162218668 -0.2715618159672972 0.33204791385356947
4
-0.68067600482001
-0.3722767424618869
0.6815394441215912
-0.27978808601838034