2
None -0.19300760529750605 0.7474402192886282 -0.997046186041658
None -0.39108149916593327 -0.6527168062985855 0.8221845448314755
3
-0.5884645652742209 -0.7237701161046906 0.5284840790892562 0.5026350023425519 -0.4090277826577622
-0.7805967499221997 0.16425684571016697 -0.36333701212035385 -0.3203054714628857 -0.5425135923747406
0.7438863415521086 0.09598882205086445 -0.32210046435813156 -0.5210134791076195 0.7527466172475492
4
-0.32327771278852224
-0.9334545440480044
0.23211041269127297
-0.07595351525807836