2
None 0.430635440965383 0.9006534500074925 0.94103843920391
None -0.5489648260457711 -0.47511760167701267 0.012341077723082128
3
-0.46343267907648045 0.13718601540508124 -0.5121414604586123 0.35305375243921766 -0.7602186975123655
-0.026267278382563486 -0.20712369310088996 -0.7117559259171211 -0.41087303987818835 -0.22654069015131895
0.5546658120522645 -0.6880502664300716 0.7898207030756936 0.2701602213613279 0.494603353145201
4
-0.031089053666922384
0.038504918915610586
0.7621732750467347
0.3115069470070273