2
None 0.42115772169591215 -0.7193856452992486 0.9283474780696628
None -0.6225434007043829 -0.6418974795640651 -0.8047442627524859
3
-0.9928945778577454 -0.158678559100617 -0.47409907398157536 -0.45349053325245836 0.28600127403450104
-0.09560095379396083 -0.4578734738080039 0.15734851019851437 -0.9968106002793096 0.4700041883641597
0.4101013331241592 0.46172288746538026 -0.7162595640532017 -0.8033941463703613 0.4088664969167406
4
-0.3962411417037386
0.9759406891421787
0.8939352156838654
0.6973083794479049