2
None -0.7441330798185706 0.944509652363211 0.3428778145561948
None 0.5721716957796057 -0.42574139806257283 0.15418791303023816
3
-0.12631771912835577 -0.15962071771720998 -0.26491208296688407 0.7927931831694555 0.5353580753047831
-0.9551058921944948 -0.43280001827312264 -0.641337267335516 0.5003161795798046 0.11628320236062328
-0.2752261383024661 -0.6068719617021363 0.20683005099594176 -0.8985722132767078 -0.06507057342979539
4
0.2974864368779693
0.9418817585643275
-0.25296670804653765
-0.4725979670958038