2
None 0.5773594166795748 -0.8101953392055685 0.850113808931632
None 0.20282954580277046 0.24051609241401106 0.8738813631523885
3
0.06337885091467799 -0.8813318639316778 -0.7198692837893983 0.5735321357658152 -0.07895521985262755
-0.29642460459270503 -0.8900363990844373 -0.13106769276942254 0.540445578315037 0.4164827884526099
-0.8820799099655969 0.5162592792330927 -0.6133074988806582 -0.71736883692379 -0.3284503685013087
4
-0.33729268808232105
-0.27780576871822205
-0.5409394045091394
-0.6899678987961442