2
None 0.5834781533710476 -0.6347045672370093 0.43691916538958364
None -0.31906069898875566 -0.4414706519931455 -0.636622068294336
3
-0.6736771885778503 0.5131139946732652 0.03228251903024071 -0.6956920688295347 0.9653288588836366
0.12696190408472607 -0.7518955870514665 0.8047867468621814 -0.3622667025874433 -0.7851657888061641
-0.2508415228339038 -0.3465124995336726 0.051452173559693115 -0.8863918771021471 0.7348658543651385
4
0.17747494186361457
-0.8158407224179807
0.2283056337166376
0.6821675813262527