2
None -0.058615076621673756 -0.19137895981412512 0.7075453975654307
None -0.1430463589740767 0.2669060728104091 -0.38012016089450507
3
-0.3045188676946191 0.9559269703454751 0.2892318922310111 -0.703006463596848 -0.45928894103377793
0.29377241617008054 -0.660238762333961 0.9592381504946428 -0.29758992857177113 0.1812530526001408
0.884057312046018 -0.48549552443993993 -0.4290040540976323 -0.47819512379387996 -0.48633198381560083
4
-0.8048063059430164
0.8332677032467257
0.5394034110709061
0.9944667298684444