2
None -0.918856143661769 -0.9151535003335864 0.3798246369074889
None -0.8622345825182778 0.5217794220714911 -0.28898771245764676
3
-0.596469565476113 0.3090687572830282 -0.37950841218441367 0.3203175640047733 0.2715192714657637
0.12908030029520745 0.8710781312188363 0.7809181350646353 -0.793256698421833 0.949178524580413
0.3551416663948077 0.5107102106934296 -0.5685524894102516 0.9785424992260634 0.3339243854306837
4
0.8757899417826609
-0.8598083336852309
0.45052811853214614
-0.2706706299735162