2
None -0.5691219465985249 -0.9118010076294925 0.3601512292295459
None 0.15170565524018853 -0.9767864348052406 -0.43926239289361946
3
0.8218208303886516 -0.038309343975383214 -0.4871931136999139 0.02967194418467356 -0.05217616316384932
0.5569609560299715 0.5584625414733619 0.06464396117534643 0.08333650175255891 0.334113861983369
0.07501968242070767 -0.6510324399954055 -0.5551393951339403 0.9303159505837315 -0.3866235030944789
4
-0.673594945849544
0.6779314172209792
0.7549683044297033
-0.5535254297085728