2
None 0.20304792053514653 -0.327107029639774 -0.6152652212610648
None 0.4021561337733208 0.615189718144088 0.7349190520268931
3
0.989881636124972 0.7288983415064845 -0.260799847109384 0.5847870110305897 -0.6251024668397798
-0.13587562698615985 -0.8591358575080572 -0.4060610410137664 -0.12912014256031057 -0.02745274104709239
-0.6625317393023951 0.5953444247761257 -0.5055513265229283 -0.37516479759920673 -0.06054054096687156
4
0.8198500068104437
-0.004626839040763331
0.49738110980168915
0.9851276764095038