2
None -0.12333797572346628 0.7465144427406527 -0.19318512014550704
None -0.8246326828003379 0.7382558710857405 -0.8853706827282488
3
-0.4205120009327221 -0.38719075873022635 -0.7789083198447977 0.8298122095826677 -0.7383347185183045
-0.7742966080778708 -0.6507649155159743 -0.3456552396004824 -0.3141652942981117 0.10597594073356698
0.22361082664574683 -0.37038236803357916 0.7151024914388 0.27224982180087776 0.6715902085836174
4
0.42486230605985775
-0.3541720600405973
0.5288693561565392
0.8289109175612976