2
None 0.7604107143687238 0.05538969974040997 -0.9979323677674778
None 0.5849266956532124 -0.3596123682558927 -0.679417329346568
3
-0.6248646095127504 -0.47688492400346383 -0.05088914304984993 0.33718556955452117 0.8003705524110838
0.6630136764353918 0.5384032808454469 0.3647900954651515 -0.8808771136983156 0.5233658122794975
-0.6923121367331861 -0.027439460776096603 0.6584145911857091 -0.9154770404607624 -0.40387091758196636
4
0.5868032030336088
-0.6396174513358381
0.583807138579709
0.40945027078581964