2
None 0.3692827608837812 0.10416234245458345 -0.9780846469708979
None 0.03645107544990989 -0.24398912881328294 -0.32883622440194205
3
0.6536770958810083 0.7544955272350007 0.0337907452008257 0.567284223510319 -0.7519134414087922
0.3562433433997556 0.28743295394464163 -0.6455165261779741 -0.5186645576769962 -0.2519968665328456
-0.8188848320871183 -0.27152032823950667 0.7724927995453945 -0.08626753574001733 -0.0332281801216181
4
-0.6386861629410436
0.6364925444007292
-0.6284544193364292
0.13430179763742922