2
None 0.5734464362049867 0.9518881845741483 0.8033950498058093
None -0.8994653635171281 0.6021087456661038 0.22060141452547954
3
0.4754253612646375 -0.7712529367935423 0.1713044299977542 0.2202768527779897 -0.7171500682101699
0.6648290934190819 0.032774669820095914 0.1889097624824787 -0.725740406542799 0.5668204094437426
-0.6160610518568623 0.015200113892966716 0.059263815219336324 0.3911910330315307 -0.7285197706401338
4
0.23215827675173695
-0.9771689416571321
0.9993096438928066
0.7671465127387944