2
None -0.7201864558572648 -0.033912292069206096 0.9577185683288685
None 0.11094591659993314 -0.7533399736346515 0.3868099140816965
3
-0.2556901945542891 -0.027982063382531397 0.026811497359894743 -0.8682973462783243 0.19784442558270454
0.6799674597947676 -0.7517309751586749 -0.2089406862083094 -0.005841955559861223 0.8599742821222491
0.757028618780228 0.9655259745772473 0.9796137258233948 -0.4350285975876369 -0.9471132995282259
4
-0.4217896285618101
-0.5392715582820233
0.6078036677343892
0.28596497841588797