2
None 0.7278848858576945 -0.5249870741058447 0.7291673839605457
None -0.3201548330541102 0.08555230038058292 0.466159281846525
3
0.996564075749667 0.5419734912055394 0.977880385252144 -0.5214945914212081 0.8777204931160751
0.8186730426166575 -0.1621575183579218 0.7599500709547602 0.4623383672596526 -0.8264981644486198
0.9883287161970475 0.21008087903674366 -0.5448741376017987 -0.28840513431467474 0.5691762206878546
4
0.22287172365682273
-0.07030021198202974
-0.9186707814486785
0.16434552431758198