2
None -0.38703461016873564 0.7428911745833584 0.9975988105720199
None 0.8623354155409653 -0.41388105090952365 0.924328573196767
3
0.15902021068802386 -0.17739763780832218 0.26762312125553955 -0.7408563165145101 -0.5779330413579309
0.011294238743203344 0.38774526890285266 -0.6853867276090235 -0.7877021931090025 0.9835025380580076
-0.8422391001602485 -0.9494259837483834 -0.803649991546822 -0.004970209671570469 0.5766844893879315
4
-0.11138541917437217
-0.8021942940741502
0.4242862941764891
0.2214996600700505