2
None -0.04558054657495747 0.4478857189163623 0.8956560230649762
None -0.6887689592463904 -0.4110030089135348 0.07856880497811103
3
-0.8256045654387139 -0.25916630185059497 0.8785733534154196 0.48278837155369847 -0.6004576875008405
-0.4420000095594907 0.3896963685949819 -0.1742043431629483 0.743332697964808 0.8544211235853771
0.7923298061034749 -0.3693370211511273 -0.423092587328016 -0.42250137125814713 -0.31875629061306254
4
0.7728195690479704
0.9724491401779696
-0.5204330344927119
0.37426620981494163