2
None -0.5920286276224349 0.10601790029598113 -0.6369759298973237
None -0.37994707620415635 -0.8437488032321063 -0.5480728313598113
3
-0.44703833743648147 -0.7174219380773668 -0.2327428350781613 -0.4401855253318834 -0.04684045728759134
0.880509431706576 0.17780697461201633 0.18517553769536943 -0.4091665100509645 -0.6259281470511935
0.1513313795435114 -0.15172497437411137 0.30487662391806003 -0.6911680050524371 0.6263996464423975
4
0.9753851852565851
-0.2256751305750755
0.8076643974005797
-0.4192427653181914