2
None -0.7199457694034002 -0.07544188703647814 -0.5369897290638173
None -0.8988393402308761 0.7144245068755162 0.7869583135539038
3
0.21139459777768876 0.4314850743257914 0.024859620594351428 0.48230024758835355 -0.8541257069062449
0.29606775911189276 -0.5765169679913538 -0.7414750849573828 0.9292364437757092 0.8248944694188947
0.9949432669589822 -0.9973328975071791 0.9544823047855557 -0.955170606235721 0.6378012268982085
4
0.44980967995295384
0.15420347683581315
0.9147439717404542
0.9224089743702688