2
None -0.8444051150364471 0.5083451207198137 -0.3929025617892068
None -0.7465314077718104 -0.47526851632682265 -0.8823974266738315
3
0.7249454175022116 -0.8667414155991253 -0.699528065936849 -0.10551828300938015 0.0543521117285195
0.14971015555207057 -0.11644678608194958 0.2669440817537152 0.8069880260869324 -0.7841771193039309
0.7170030280977826 -0.44068734652896935 0.5770828483247372 -0.3165697224607842 -0.7872768305636311
4
-0.20700447673459443
-0.4449558171556429
0.05728306799734062
0.7346123476393407