2
None 0.37511551490829387 -0.9715676902131818 -0.5613618546693375
None -0.3499198168802464 -0.45170938490780466 -0.5542869510154664
3
0.5794079354951829 -0.27046190850029106 0.9068099885793122 0.5837153390656242 -0.22990887256615022
-0.8954539190230726 -0.34535006254895695 0.38127589146930196 -0.4026204500171129 -0.18974224478180735
-0.746815179278659 -0.8649762312455767 0.05091519551625989 -0.015069814298395823 0.22451348630574142
4
-0.5552703602888034
0.35760910894442977
0.04376644194782919
-0.08466203081154311