2
None 0.08571217944855802 0.3570907817949083 -0.8083779907466111
None -0.6803416209215143 0.5402570381423606 -0.3868024163857986
3
0.6852588598286866 0.4815139389548222 0.12274063851095618 0.6225424169598897 -0.5428787115338727
-0.490023774265254 -0.43521962710963935 -0.12631887804872188 -0.9212261601393297 0.2537342657630437
0.8122913001036782 0.30687250648338105 0.2989739505866844 -0.3660058370177597 0.04355506439292833
4
-0.16943432993386787
-0.25341817495969177
0.012686718017950627
-0.04937325176263374