2
None 0.3667433264678066 -0.4674139275162663 0.19994151479371802
None -0.32012628231665774 -0.9812239083037069 -0.9922088244736882
3
-0.026589503994096653 0.39634944206624834 0.9415194432311498 0.20510792543808143 -0.9427095899864033
0.28831187427965443 -0.16771497323108298 -0.529465866140481 -0.5142204752427122 -0.06551771490034741
-0.8646748765161811 -0.7064374824836734 -0.2691058788439835 -0.06764195819532115 -0.7065309760666914
4
-0.5574786188362819
0.9611912168939858
0.775132575609605
-0.8152993350590878