2
None -0.37467094065472684 -0.04958135620714654 -0.9376194349591702
None -0.10096779826850266 0.4985542006972252 0.1843701266489337
3
-0.7641295198824578 0.32576463672913647 -0.053165344484914945 0.2354095344010816 0.4609053805250507
-0.12437350532368163 0.8691537308876003 -0.25963798358643575 0.13891947581745168 -0.8860190509798298
-0.6587072430922134 -0.602590950385719 -0.6823785769657107 -0.37691859114598514 0.9897062212529895
4
0.16352151876783672
-0.6309064004181129
0.9327984168725247
-0.012710748691921347