2
None -0.6200580118230368 -0.4002226569111522 0.3512430722219899
None -0.03321664852514328 -0.6307777007835229 0.540705273544074
3
0.9677991069574039 -0.9301174464423567 0.4427250066223094 -0.9199480611346831 0.39817562866010525
-0.9243623184571808 0.1219176212268207 -0.26445458127042576 0.876578141787498 -0.506966198744315
-0.6006294772150882 -0.4401142759497425 -0.16436048926840163 -0.6260961685065702 0.321859724824066
4
-0.6990310652459157
0.4364465066158556
-0.08759142580507717
-0.8868910660017668