2
None 0.45477093738918484 -0.3490000962396336 0.2966734569048295
None 0.8306808810432653 0.03899080635096963 -0.6958079249579643
3
0.050670346258013144 0.1933477573486284 -0.6084212361387267 0.21778304289337114 -0.19471011180720077
-0.061688357969928775 -0.5321871721240372 0.4821439825281688 0.00600435013984435 -0.47374731303746676
-0.41230454712958675 -0.6189419206708786 -0.9609810691697676 -0.7800378390583611 0.6616951222576095
4
0.7872260493040979
0.8578767679270813
0.5500468518042705
0.2836872582213592