2
None -0.9492311709274677 -0.022442513730537295 -0.2813782315129616
None 0.4742264999909245 0.321287591341227 0.6333921046109021
3
-0.865787005361081 0.14653848012334403 -0.5292627984290212 0.027452816863268614 -0.2934422135561079
0.6256212637948659 0.326123858937335 -0.9771245940115683 -0.4533453969859167 -0.7230490974190034
-0.019052771324067574 0.08099198189345547 0.382062565438841 0.12022459960531462 0.5945542449704568
4
0.2663204362494944
-0.09829972018015654
0.7015372662882575
-0.5880162964944005