2
None -0.047832340828573905 0.1966748128548812 0.913884699796526
None -0.9521576124478635 -0.7854325520177681 -0.04660715498751955
3
-0.8801704259959091 -0.23073558451799148 -0.7443403783361626 0.6856083305037448 -0.7077415963184144
-0.22686587299751237 0.43304938443084606 0.8525236562906224 0.9936797360395668 0.29395866324377207
-0.9842617982217321 -0.43751732433692747 0.3587645372034898 -0.2680126534431022 0.2806646732783964
4
-0.18430239613382193
0.05069151976092323
-0.9985360224983033
-0.63365283135672