2
None 0.18521924301698944 -0.33502235170163264 -0.20017206123249354
None -0.18615443605815973 -0.4424321314192785 0.6537678192386571
3
-0.3028454613553053 -0.24118047749594496 -0.6765746917661419 0.11017399157667418 -0.4586033674619503
-0.5172049949678059 -0.019949124197987445 -0.6665933777013604 -0.8487652080087371 -0.19775015523350392
-0.5308372214395796 0.13009625672685132 0.625604146570458 0.8192446446728849 0.3480039701126647
4
-0.12887037178353133
-0.38585296237642086
-0.6770555747545108
-0.011417392935723747