2
None 0.18111647978429302 0.47881176991543417 0.920345419793595
None -0.620584973060089 -0.5628154481570491 0.6345128100662687
3
-0.19396643112259926 -0.6376745193014444 0.5912081741288733 0.7341496715826907 -0.9008275738918339
0.4620349439061948 -0.2135585482565101 0.7857966986397746 -0.14789842901495942 -0.3908216710770249
-0.8298668918850247 0.3920836112896613 -0.05685849814895816 -0.1644483655533553 -0.344989688726024
4
0.6412909348653753
-0.020484733106642228
-0.4950502111641095
-0.1865013016641328