2
None 0.2573969727662555 -0.6758466090305468 0.718941366412539
None -0.4843831382751673 0.18785858111581533 0.6758664572841082
3
-0.5632099325631366 0.5895188812212333 0.1480500940386833 0.783758813309392 0.6028304284058954
0.6461911066017789 0.6165355419057175 0.7236474511558146 -0.3636755186153231 0.09719073627649322
-0.9778443596299886 0.15966158111144702 0.27663335577966075 -0.6914977921837295 -0.5668351706820889
4
-0.8446392603872868
0.43906267707973434
0.02839729080112119
0.6698223002259376