2
None -0.13707573756260327 -0.9892555155644622 -0.04700384376297295
None -0.8360730496181767 0.7423512178736487 -0.9373985378898415
3
0.6425692315208327 0.48387465591440226 -0.3244587007862674 -0.28674587524363293 0.379927954673571
0.41149076416263797 0.025475905112937625 0.9759171752356381 0.2500010932008856 0.23407583846102176
-0.9849659150304353 0.8866062923324021 0.17260973614490593 -0.908248336887608 0.36433287124723246
4
-0.4509622031097027
0.5613685622887938
-0.6644229765858893
-0.6900614985618723