2
None 0.18394243458310444 0.5033469333227536 0.6447088306160358
None 0.13115542714663464 0.5219123359832376 0.48619927968402665
3
0.12447210970685263 -0.8753672439373184 -0.11838252264056548 0.5391555951181628 -0.490493292025888
-0.3853739493389132 -0.5692712411383147 0.7126810074035872 0.011979962339400352 -0.6764851426406449
0.9776778009153093 -0.04989301402168933 -0.8350204837783255 -0.8441802660299143 0.5496672243269183
4
-0.5526243747396635
-0.19974867209507652
0.0931003862663371
0.47290549052240327