2
None -0.12406914627575127 0.6407886692417368 0.4514999415905605
None -0.34562100838505394 -0.1826717237331159 0.25154869395300916
3
-0.45282422239628084 0.9625063066703532 -0.7948528707632931 0.23741731905467267 0.7762264963224312
0.46154634633931146 -0.6972820813492984 0.48941151215724843 0.9624270132756387 0.7218019611930779
0.13793891611123166 0.693556565915386 0.1608067795270498 -0.05505053852387953 0.25499958614392493
4
0.30222796177454403
0.1887026636073148
0.7613188054900888
-0.9413735811738353