2
None 0.7427699178205944 -0.10756990792014243 -0.40827816734460853
None -0.26565005791955065 -0.2779078189376072 0.22887063500412363
3
-0.41982550737492597 -0.3422622630939811 0.910145175045457 -0.6621188566642198 0.584942010679536
0.9509319938013807 -0.2597778637082806 -0.40763867966446865 0.850301670603528 0.12678918327917432
-0.9600697666727953 0.004057221052411242 -0.0950033660202172 -5.081081115365649e-05 0.5113432670140192
4
-0.24355805888840498
0.21129131194503814
-0.6487680772527202
-0.009042212207432732