2
None -0.9296479237736026 0.018265902194461336 0.4212476530581346
None 0.21429156570111352 0.49667825278616307 0.09229469036509896
3
-0.9643348295769394 0.2521784324622969 0.5312584270022085 -0.2007252883924402 0.39772554884909916
0.11168362733011272 -0.20041937836858303 0.04182484493480776 0.4235225423377842 0.5567657849034047
0.00883088324639969 0.4914019725204095 -0.6207619317408521 0.32987279056399466 -0.6019790858598912
4
-0.8688687814802163
0.9488595993692932
-0.7780062776599352
-0.14589431157978594