2
None 0.2232325055779636 0.3266638103785806 0.8667075952936965
None 0.601768502229038 -0.6692548771056626 0.8064420826951901
3
-0.6221301645415633 0.10581787774397244 0.8095008419190501 -0.20192187977998377 0.8929116293605834
-0.7485789340470017 -0.5275444544511794 -0.8184491337794371 -0.8066402490777309 -0.1945436537662686
-0.8944490475749465 0.6066256306487263 0.08879472026971946 0.2273768537875409 -0.2988486883210024
4
0.6622451932679192
-0.3580550225931389
0.038768529401224994
0.8391100762436465