2
None -0.43327656238539514 -0.1515984290684842 0.7031547103574263
None 0.14321727188130873 -0.09469909938880527 0.6496574329214218
3
-0.7060973485160487 -0.9092681330741208 0.7741802224689904 0.010814489881324052 -0.20861753226672275
-0.4814456848752333 -0.2670982042996837 -0.5596065904341985 0.04402331815855787 -0.25920584205981534
-0.3405415336821258 0.5349408136556542 -0.7231997442077718 -0.5262975921672426 -0.6820008762923457
4
0.0540468111777046
0.3797609098303174
0.5306774058249126
-0.2568399785193425