2
None -0.9267165472369001 0.18162070073132153 -0.01141785554607222
None 0.40028408704897833 -0.43579379323152545 -0.4423251055283324
3
-0.13117343325980024 -0.5693089560257982 -0.30486470756236317 0.5700001961678509 -0.7364331474178762
-0.545516902949406 0.8262146792376368 0.45154637377602747 -0.9359832230674916 0.641040801196143
-0.3063701856782899 -0.10075692713332085 -0.8684998365062504 -0.2608605648669726 0.05766488493619826
4
-0.4680621267739189
0.06729714826510547
-0.4703308425597921
-0.5956171769930605