2
None -0.4540475280733609 0.09776287479150292 -0.4570680317320406
None 0.6082994224462153 0.48145745311437804 0.8802864527369552
3
-0.19596404033071546 0.30256753608726483 -0.9420307818591591 -0.16842114586862955 0.3537628235502208
0.7462883206707116 0.8790345626401044 0.8601893132368366 0.012382039382092813 -0.25770429744373513
-0.2652017638711097 0.6831597246747534 -0.8755769076845588 -0.15056358254223268 -0.8730126166656158
4
0.332249187563469
-0.7350339385191218
-0.9936260634886618
0.8098477483795175