2
None 0.9639234094390421 0.8187811225930821 -0.7144548261625878
None -0.8968028511829198 0.24021064176666007 -0.00518546487755045
3
0.7814438608783687 0.14255994214999745 0.7089464643567744 0.45880480002131296 -0.59472072339674
-0.9581788437726575 0.6265185718317825 -0.8690113200222296 0.266634704510033 0.8699512203983197
-0.4950160754201025 -0.22350625297594995 0.7294527723905138 -0.885640713809162 -0.6563146287994659
4
0.723797444301979
0.4432545677456785
-0.8624725485564082
-0.46164883042792115