2
None -0.8713941366272746 0.5182410173718253 -0.35672225527290924
None 0.9874887747065999 0.7555791104526379 0.9485507037377117
3
0.030998384996757444 -0.7370070399432627 -0.8550348364738265 0.06621327939048927 0.20114541366787764
0.8024656672753334 -0.633747718936303 0.07439826124322368 -0.9969298837201688 0.9440295798648477
-0.9291564528662712 -0.46881872988408024 0.7409971180107668 -0.7280046200112762 0.6686097811071241
4
0.6573245856421845
0.8310227710944198
-0.7811995720476852
-0.15012146211004151