2
None 0.2161864676067331 0.9085744262532953 -0.7657074367318588
None 0.8028705495627178 -0.653490769648102 -0.48487508098958676
3
-0.08966804932026662 0.013793606199808961 0.25135489260779975 -0.7554676909346154 0.38121318158259543
-0.4501842601181745 0.18973806771759616 0.6680163116783819 -0.7898951781869166 -0.07408192783338308
-0.18015372578085787 0.2195706350583828 0.9854929652918369 -0.6989567134523023 -0.744244848026298
4
-0.2927002548979061
0.7887919119708302
-0.46595658814638763
0.8335635776454289