2
None 0.9673026123954582 -0.4396342951527441 -0.31333396826866466
None -0.3333619659687532 0.1540151564805965 -0.5778155107165452
3
0.6588005404073678 -0.32493288619999117 0.9707378704615077 0.4874871297035237 -0.34475032320044985
-0.22113328571588942 0.5794489401610763 -0.5526061871426771 0.17581673188128089 -0.32945874998722924
-0.353844470170527 0.795240886709655 -0.7429419063867335 -0.9417281437301577 -0.3010525834874107
4
0.9365950216823937
0.6224086740788608
0.13013409278243637
0.9060905139623141