2
None -0.07158194248765737 -0.5552534815915142 0.22961997295061476
None -0.8307430416615165 0.5143572111009422 0.8788317771280123
3
-0.9004774480101199 -0.4196645994855488 0.8138170285407464 -0.1516482093298932 -0.27217067293004993
0.6277680264291099 0.5440804381489717 -0.7379536022738011 0.5104662796081105 0.1006588958419159
-0.024473845526285842 -0.2432281130000018 0.2660558145974432 -0.3060586571993811 0.29978153150416276
4
-0.2916219441447583
0.09168979061235016
0.4590539407378149
0.5933293497528616