2
None -0.04128983514458251 0.6592885354704465 -0.6845109042975872
None -0.6002765531509859 0.2606622063936743 -0.6945831233510111
3
0.927265543365146 0.8292538251803883 0.06660181510193008 -0.9392094692441246 -0.767536516940565
0.9498982309094648 -0.03757354078983721 0.04407184139380238 -0.27533464905847116 0.8953824649801727
-0.8214235327245245 -0.23860612955703164 -0.6378035537418225 -0.26221404537758786 0.98209610281127
4
0.751380619589668
-0.4956626821779513
0.49935096866307505
-0.970279348206093