2
None -0.5543219082868025 0.889918485700979 -0.5597475421618585
None -0.9676213726524334 0.27749856486913527 -0.9732704407742199
3
0.19892131371385302 0.6932075969710636 -0.24635576654657632 0.052864560629187984 -0.303412365107145
-0.11358915475199027 -0.8787874150583801 0.9889734663779997 -0.9923362463169898 0.7488278273359803
0.82753858710316 -0.9483270383380094 -0.24474884838485877 0.7586784003139637 0.3491270906886701
4
-0.1430996325420959
0.16557913337865604
-0.3400990728922413
-0.9605480614132573