2
None -0.8158986904550447 -0.3233976703883994 -0.475558548189265
None -0.4621234711210662 0.07122477702356256 -0.13328593027697222
3
-0.5234952309979868 0.12428258371100953 -0.4131956485853434 -0.052856780036734996 -0.2642385098331024
-0.594222911303057 -0.7640363241523342 -0.20536785944497438 0.09923245748123066 0.4351069228456017
0.02530648684053971 0.6036181464822905 0.9564898459999858 0.18028354526540502 -0.11049791023832278
4
0.5123633173594968
-0.5514357222325315
0.4378552654065604
-0.4152363580345835