2
None -0.0730408937901792 0.35316047513234805 0.1450256190010406
None 0.08162726188649927 -0.37996550060216716 -0.1890925716175169
3
0.13381465817310012 -0.47586727668276896 0.01254587908339655 0.5608848698156013 0.21604838341896038
0.955575466089845 0.024779216592232034 0.9429210639484438 -0.5338738536882148 0.8962102999707531
-0.3438926240903166 0.732087330487933 -0.6661186065625377 -0.01453993722305369 0.9394816530042713
4
-0.6421691650431474
-0.34002918143767746
0.3708323099200068
-0.37928440344103254