2
None 0.2869586563554578 0.32651166736045023 -0.8798362372100559
None 0.08298448716064644 -0.14263242437623735 -0.9314328116511088
3
-0.5474229114183151 0.8569257670093104 0.20355490322397185 -0.8099506988591592 -0.9348117596962338
0.6747570660625322 -0.36962621663675455 0.7406727063706866 0.27942153734783703 0.9800964182330965
0.24642130366332915 -0.27036920530805997 0.12294396297204324 -0.8283468982415298 0.4418693342759652
4
0.09121335460454505
0.12676493169839986
0.3688944430844725
-0.9471224267897933