2
None 0.9757089072225005 -0.3050663891368466 -0.9189076957983568
None 0.5262995539995079 -0.6322254194718915 0.3814527210671874
3
0.002195112872534377 -0.47011127161912913 0.36895874417304153 0.42169330531485394 -0.6325824990466968
0.2684477870902211 0.4746754314390089 0.585560055995614 -0.3384802587773641 -0.3655064749077561
0.6627836828810356 -0.12186172578837651 -0.09209627584828639 0.12966767992518813 0.6355344677103922
4
0.8373449115770564
0.8617202722565178
0.05424336075844072
-0.10958513535427028