2
None -0.5949764137423437 -0.904735640335659 0.3557900005789141
None 0.349334682612475 -0.16541695518914512 0.04640411236496966
3
0.7900589121447168 0.8023635128048268 0.2324050340120809 -0.7214127138712052 -0.746450705663614
0.20379202410842612 -0.9184309792748255 -0.4641146761825101 0.5576877259622122 -0.30619964136038025
0.9528973162040859 -0.92107596511616 -0.13347407590919036 0.4841176328832486 -0.8805358282115929
4
-0.08396420130435689
-0.9937726245338263
0.8243121654199739
0.22822173501133225