2
None 0.3207472929212072 0.2674645188319207 0.9587009609603137
None -0.35158216137398224 0.9704891676916674 -0.7340540815095562
3
-0.6554064887038147 -0.9387615098713411 0.45383299554976286 0.32117204630042684 -0.3706048266487847
0.8380813296875191 -0.6380239846651563 0.11682249181799564 -0.20666984087837093 0.1597789163844281
0.4084440563861442 0.5077305885144925 -0.07235145673971499 -0.6883783347949468 0.5486525364991142
4
0.995092575465399
-0.1634861017040854
-0.5710690309737014
0.08955281360641121