2
None 0.4848144455453951 0.3047927795121905 -0.38508915652599374
None 0.9086329773229016 0.011704814170946154 0.8845393638715704
3
-0.17633765793754574 0.9247523033596938 0.8301450662824401 -0.12961369035269277 -0.039085356752911915
0.7684236609674431 -0.8626727330470627 0.5240050049633429 0.7901315160717488 -0.8778048515531203
0.22280316508345321 0.9908433501941671 0.4061085635692401 -0.8805415132055585 -0.8471106682049183
4
0.5752318892624491
-0.9639586068008168
-0.9108330663021349
0.6836513918386036