2
None 0.1878600711238152 -0.11607726764608906 0.1811518957636551
None 0.48417656864921454 0.11678108517180541 0.040180713628156894
3
0.11073803854344 -0.9253444557478776 0.2538604367777304 -0.7619929711384283 0.036156359259156945
0.852578755620435 0.7029368659059438 -0.49787290284051333 0.8409666333461052 -0.9622478245277493
0.6696896124332872 0.5338357241350666 0.1990775675948171 0.059026976046193 0.6414098685631946
4
-0.7070494461793502
-0.935782891995667
0.9395520044134895
-0.7041144925401832