2
None 0.6991732939030613 -0.1294733133808983 0.24422543863128254
None -0.6058096740086498 0.27559396285948834 0.9917978646893804
3
-0.736715372782115 -0.5995905312176026 0.15959402047792248 0.6208136525668266 0.845862849783585
0.31438943907564654 0.16805139215671505 0.7139177567409529 -0.147739361738789 -0.9410440824823882
-0.9460498367274612 -0.6070107651662653 -0.2921956676954498 -0.20214326525690596 0.4637509159615465
4
0.21640218274098233
-0.8065160227043964
0.7050154330509022
-0.9173884451950918