2
None -0.8154893246928874 0.37553138049710366 -0.11290549314911402
None -0.7090506628448314 0.7970913564516653 -0.0725691802636379
3
-0.2626346524051162 0.392259071245074 -0.08073417720622533 0.13676542457240615 -0.8012396255766847
-0.8821579469452812 0.2170945718097923 0.7092908212242734 0.9024220218268058 -0.2450207038052672
0.9738449434995888 0.30094051173782965 0.6023529191793631 -0.4692074894816678 0.8890474885489557
4
0.743234885075496
-0.6495910411455785
0.19022345612826252
0.3717263397959689