2
None -0.9111728397203391 -0.9199540187378432 0.34290250871367634
None -0.44011684381368266 0.191972722709292 0.1646929187957722
3
-0.368102451884462 -0.19326407886086705 0.6998102502243384 -0.8537470395577806 -0.6150915499219529
-0.3394080335421823 -0.7425905687952055 -0.7661067210469126 0.2432247123970157 0.2373740846580954
-0.24582207234626452 -0.12331066141549707 0.5702565242746134 -0.8498870955807145 -0.7067489868134922
4
-0.8264527151844232
-0.22716410500859885
-0.5817273786951613
-0.28085427078449543