2
None 0.6882360279722459 0.5014285838725834 -0.9369957523431498
None 0.5328081995230973 0.49881925346988454 -0.7494185568329192
3
0.05422046806891667 0.44117834335162254 0.10054890770101887 -0.6827435783064231 0.7422255313182666
-0.9264858512725234 0.5582546012638152 -0.9999916499590755 -0.9726049672179964 0.23947374612313088
0.14196813892505622 0.2867396447339763 -0.8612168083662044 0.35829618770156046 -0.4285779616348435
4
-0.36741430733216873
-0.019932847182515756
-0.8161443555050123
-0.2636841996176571