2
None 0.3342305110003567 0.22050381225885474 0.915368541493166
None 0.2803239501679846 0.5086091581503658 -0.040809989464533736
3
0.7629220249814341 -0.15606967468638233 0.29057198191746614 -0.8873436309467839 -0.6308909715578126
0.7511576018510595 -0.7401751264868033 0.8199362795673282 0.6015842578782011 0.02147869805573399
-0.9226704261749785 0.8718468716448284 -0.4048753473685571 -0.47748278810926914 0.3027936890858225
4
0.05548456352726161
-0.7021201218400555
-0.6617335672692115
-0.38073221062165064