2
None 0.08771835746894774 0.57795067228153 -0.9102593254422793
None -0.2531027805087116 0.09832340357502267 0.23165812130414398
3
-0.44021536913923254 0.7378224115250511 -0.009008309317831031 0.6288267999416071 -0.1070661106838704
-0.027916388675538695 -0.15612957876256428 0.4157582206955859 0.35913833708924403 -0.4379987739487645
-0.045628306444232436 -0.9828219120859805 0.4288169078558526 -0.7502017356618733 0.04149580854453716
4
-0.569449972446521
-0.6395594129922715
0.40674914590650735
0.23159454026851778