2
None -0.5901647548758391 0.48273657656503977 -0.32898681173873334
None 0.637852737022679 -0.6488665696945153 -0.7775472643875294
3
-0.34506906561943396 0.5334389250555576 -0.09979604590700908 0.4202298204580761 -0.7231047077956376
0.8352444836949706 0.13173118049791066 -0.8791937810352011 -0.8123388961555762 -0.15639466434953908
0.8889831651519917 0.5105477156776264 -0.7059412834974959 -0.6489007162456939 0.8024379826468049
4
0.7587483839551072
-0.5199355500025946
0.2500150503456289
0.2770968833364069