2
None 0.6594891657091337 -0.442865861725652 0.039839950520532685
None 0.23437005086906715 -0.10872944864474032 0.8246754631591353
3
-0.9020085579537056 0.6703781721017334 -0.02296405970739568 -0.990264568699667 -0.3473386594642389
0.7087199888603799 -0.3941500305675225 0.5179572071971132 -0.7019082467428017 0.14978215663436578
-0.25238422269415994 -0.7376234993227266 0.7203613309247994 0.31476835790476887 -0.903851589621198
4
-0.2498888643274657
0.7454287777778152
0.7282799031545477
0.42020509420726837