2
None 0.385675339797249 0.0001794367619565307 -0.17033940402961711
None 0.2726059824166107 0.8797813277802207 -0.5915692637364569
3
-0.08879169512597684 0.627257223985578 0.18677922031311667 -0.6463933356830414 0.12785279290660112
-0.2955156143523969 0.15935901746617187 -0.833795575283268 0.12931946299061625 -0.37945836310337633
-0.7916117965464178 0.4356226570213504 -0.6584795580452636 0.011831900833673137 -0.7921070298392865
4
-0.7511907317862532
0.30274150716522996
0.8396071633378797
-0.10920481865095