2
None -0.64027644346855 -0.226001152684435 -0.7322594555447572
None 0.4880198934613844 -0.5593391457439434 0.19951280369755398
3
-0.054848862246480445 0.6872962572370669 0.16874289989094704 -0.45074331484232233 -0.8512301870169594
0.7236954330916288 -0.6388319037075916 0.43373105123978273 0.5079098333620251 -0.9317292895745473
-0.5412071877120352 0.5910016495769082 -0.6325794057625564 -0.7167522855649942 0.3898715473989134
4
0.42456602891976036
-0.05959260129855881
-0.9365074507293982
0.33079548337614373