2
None 0.16851833360223578 0.09213340712632334 -0.36513125059139817
None 0.040378545217373274 -0.39561541224916663 -0.31004731496818105
3
-0.1593171911603568 0.9220274112353972 -0.18527705669314676 0.07839641708314371 -0.5774993129234014
-0.9272515219837505 0.9772490897548001 -0.4531017473261134 0.9085595909699129 0.9913121823612956
0.9579270659864132 -0.3359341876217654 -0.8693841725235016 -0.35954794655760147 -0.8210685797098516
4
0.5362542923370199
-0.8046908392451988
0.05253925562938733
0.39512326729005687