2
None -0.09462865459292158 -0.8378141697606758 0.7566684811781828
None -0.3950311975756611 -0.8025656061908897 0.04317472300663572
3
0.584745336406832 0.2552872765050811 0.09245433084356369 0.981044738950146 -0.3712299826673646
0.4631744541214007 0.29223897139922106 0.6903938179842863 0.3376429351496706 -0.18638333655370132
0.5476363379765523 0.0985956664323282 0.20011151447742037 0.14583439583760294 -0.0757651202108216
4
-0.8853082649012793
-0.4285699005739596
-0.3518166383366159
-0.10439442120345954