2
None 0.8127669206618768 0.42796486923516563 -0.1030334630843972
None -0.815695975277624 -0.5010368110965246 -0.6646118949996287
3
0.6814869538602291 0.6715041051726414 -0.08864813107773961 -0.9707467163133188 -0.8166526540976509
0.6049840032001714 0.9979948855761367 -0.4580977051579129 -0.45453047342377784 -0.43494068873687275
-0.2017301511148475 -0.5377347919200766 -0.9877661400772693 -0.10240407273440733 0.853242282484552
4
0.3274581391811753
0.012125284289462579
0.7023880762507633
-0.39565622571366443