2
None 0.3595882636305554 0.8999581129516105 -0.04574589481573166
None 0.010732449788142029 -0.773314398407686 0.3950690481151984
3
0.5941642070122162 0.10408885912843235 -0.4853997859444128 0.706023780881812 0.1301478532309206
0.3003711319823168 -0.4479037622875257 0.2704152595822087 0.14137403417340066 0.5663646881833573
0.24112391125728516 -0.10716470036889114 0.6909082214474831 -0.7486867873633789 -0.3881540349164303
4
-0.4316874546214118
0.3233963360622567
-0.7826021844853301
0.26432383813797977