2
None -0.7391449891002508 -0.3762765236710488 0.927231777100382
None -0.481963836495626 -0.019276462299464336 -0.8545584174631293
3
0.3560478057427341 0.7851517690615206 0.4556321204505642 -0.5336438470100917 -0.8776286006863847
0.3055592328093 -0.2952079065409099 -0.7175953180767933 0.5339742988262242 -0.36608040784561946
0.43008674417498804 -0.20745412404991725 -0.03700925306090763 -0.11210207018262008 0.028402542165329114
4
0.23201970968478203
0.054528988556050484
0.09554200342989261
0.5894720620581926