2
None 0.5184586897176675 0.2292768343941236 -0.19961149494360675
None 0.5993936142224692 0.8006615630776113 0.9112129395773856
3
0.802607551874851 -0.3811982831629792 -0.07522542962248235 -0.42056087159594524 0.8938382205017779
0.7805734769451247 -0.6563054730022779 0.7472471017074453 -0.9863974532787545 0.5848610643068466
-0.08371221337129153 0.7653736459526186 0.07641462841716318 -0.05101117838272451 0.009062364569540016
4
-0.5227261463322839
0.459961242220589
0.9765744403833001
0.23133594597152762