2
None -0.26860638330962217 0.8105715651872412 0.061631581656478085
None -0.8397937848060573 0.26410176666362695 0.11545224909944829
3
-0.3542570996367842 -0.8777149863612501 -0.9876613305514406 -0.7665003060008175 0.9438808119631215
0.7133068047410946 0.763064279874315 -0.9222483254444844 0.9798248084718384 -0.7214469041635825
-0.7362300648418727 -0.36229999871928387 0.12328050988752026 -0.14464120000543734 0.09956324379012305
4
-0.8275591328459093
0.4260126054956337
-0.8686065118603694
-0.3562837423089875