2
None 0.5129173715932873 0.86006103188852 0.2915300587092071
None -0.6200401324589102 -0.5375894236553747 0.06838151157511985
3
0.11254760458395663 -0.04172001432275696 -0.704878750996301 0.1306331609910354 0.11422915818967039
-0.016504465652535272 0.9328583894285454 -0.6694446715355034 0.4045704152598488 -0.06387205321054967
-0.7151069794525344 0.034600028685424444 -0.1328372065626806 -0.6118718628822495 -0.8809022480882405
4
-0.19183134280617953
-0.6999182747332393
0.8451389061289223
0.5199004073297522