2
None -0.8541563828020571 -0.10230498168343849 0.6989056299028786
None -0.1801076518201774 0.8948673693687299 -0.8801342786312343
3
-0.20812624233236265 0.04062517098097218 0.9255830610843374 0.11694570688685801 0.798986018435001
-0.9217491332568648 -0.2657322740174113 -0.24233886295133567 -0.21531309011917443 -0.6079897580407096
-0.2292149619044921 0.18034905053904615 -0.5896865006176586 -0.22341047107466228 0.13532280192913526
4
0.8853015654213912
-0.5983338788532109
0.5957504407277108
-0.19312971971952675