2
None -0.6385219679569287 -0.4308096582443208 0.5288608925934681
None -0.3758087343368597 -0.2844211188941106 0.35994318426164296
3
0.7405133433935902 -0.012513594729240518 -0.49314924152205086 -0.747081434893833 -0.9172423069145095
0.7545229966434537 0.661815457494412 0.8900685440252674 0.9528081192775617 0.7991063779357943
0.9855899738013032 -0.7556515994247683 -0.045516103854914336 -0.8910200648688595 -0.49904847295129606
4
-0.5971996881618924
-0.8585003180944648
0.016836784729991283
0.7181752747239629