2
None 0.9442710978241731 0.8386600250831111 -0.5144038059349745
None -0.7389064261898819 -0.28106198663570003 -0.7894492942579148
3
0.6039321193823732 0.18153892914960568 0.41355982542981384 -0.6750908525884214 -0.0768102361914138
-0.3968489967600515 -0.5981309946217856 0.11494421754960071 -0.3049442665335249 -0.43659410827323675
0.9561461932317272 0.2734109546428012 0.6480872773193047 0.6979267791767685 -0.40799383304213355
4
-0.2165761873401426
-0.3709650813126095
-0.5870100527875044
0.29154163276970935