2
None -0.750728922831227 0.19659067968162036 -0.6066414152894182
None 0.5578148459379118 -0.6407852882907235 0.6735920867439424
3
0.17247134204490266 0.052345251855588915 0.3013635902274141 0.49142441012888693 -0.5444699479570452
-0.9918345071754628 0.7178973324084805 0.929763722420528 0.15486257759365252 -0.9609032347327628
0.4526276529914808 -0.6622635446254084 0.4876777035572206 0.38446707036894145 0.8926968470857293
4
0.8171278963701336
-0.5307821951062666
-0.6005642482078157
-0.9312436202891381