2
None 0.8402904656251418 -0.5009430005889328 0.028502460703673904
None -0.30260173134497914 -0.2366859622980093 0.6804040103318036
3
-0.2841238683456546 0.44719388787601755 0.7560467995651687 0.9316102655015117 0.32398093094101665
0.6616950304052851 -0.1590995187759321 0.646855119094156 0.4205495811321218 -0.9421825773485646
-0.554337968634951 0.5125512545649822 -0.49977791229365076 0.7885773448791829 -0.7845334494895859
4
-0.9071255018122364
-0.4544804045690438
-0.27185559973432905
0.2589630924387074