2
None -0.9873249938255511 0.1162230090641303 0.21250337807798303
None -0.23747566356131444 -0.26867677196951933 -0.5252135265356166
3
-0.18681288399814333 -0.9710100866204658 -0.4951388914495731 -0.5235717319200868 -0.5975812614991114
0.18312589136005974 -0.33369653980656255 -0.9551987181396155 0.24441214780806275 0.5313261213841545
-0.5433936857299477 -0.33775897314379666 -0.6530364566907876 -0.24816022058898146 0.6879605209829238
4
0.5807345797403185
-0.5454672461245147
-0.8882607383899037
0.5213796714403667