2
None -0.4103037039289379 -0.14538334814347942 0.9809194331258975
None 0.052364029937786105 -0.34199137184739636 0.7890277485462689
3
0.5458257690983184 -0.6820688603388187 -0.7545093481591321 -0.5278278471364328 -0.7698726688863926
0.8323305270413242 -0.8795092805101525 0.9107540506500627 0.3082870834574649 0.3659898041010641
-0.007227318862126797 -0.8588669297228553 0.9976984228015413 0.92963840552082 -0.8589253869460329
4
-0.8018922796871377
-0.7479196904472305
0.005719232227992865
-0.5685438865503138