2
None 0.48089624983208434 -0.4249936948346371 -0.702143024756237
None -0.7017743790497468 0.6420073876496275 -0.787554610110291
3
-0.7737281959699376 -0.06609580976843943 0.7333032577741745 -0.9835544717097604 0.5934210372754354
-0.6906317572731957 0.3807852690187783 -0.6254069317914381 -0.7509625993289193 -0.7165682314387234
0.37840688471029993 -0.5079028928328662 -0.5321689807538288 0.7124708240847586 -0.08007926793865394
4
-0.9006433198948689
-0.8477789763931776
-0.9854580974889191
0.33037735780115507