2
None 0.20456067438214642 0.7360095309696686 0.04226875245775141
None -0.3779709371345945 -0.9942157456503016 0.6746671781012401
3
-0.8071965217333195 -0.8709927324950468 -0.8575995092185982 0.38353645428270133 -0.560531335931892
-0.1638845421399877 -0.8175046708880676 -0.5611517545032885 -0.026340825778866872 0.6716718892875833
0.5998800034415186 -0.980534795346425 0.4369038722914753 -0.8346081722265699 0.5909635224455987
4
0.5804133257840207
0.15968479632623622
0.19007139569084686
-0.2823444808687523