2
None -0.6338285621908271 0.2631378549147556 -0.7353171460750736
None 0.981161550153159 0.5236087562697262 0.2259629485340653
3
-0.6338430006950682 -0.20529452192152364 0.32407839047571474 0.6029501695871573 0.7395359808488211
0.8580313129397865 0.749832405234605 0.16624015877613574 -0.28361396324776456 -0.15288336190252294
-0.5865321405608266 -0.10417619604630168 0.7734411015037799 -0.04853151527737354 -0.9297619921617795
4
-0.9151664751100461
-0.37267756923367945
-0.9340765187558817
-0.5022461063648709