2
None -0.4074485857731356 0.27880638927452384 0.8960573360944386
None 0.30078983310476026 0.07228833653338196 0.5225916948083502
3
-0.5805925186610679 -0.4190887734280899 0.5878302991619306 -0.37630999459076686 -0.930516865991158
0.4934847182664639 0.6817824912081054 0.06217556061334073 0.35410075156067533 -0.4210751493668645
0.7092186866987824 -0.0667779913731199 -0.32763962652193923 0.6308199345790086 -0.14736314593660627
4
-0.9419453790975822
0.7036038562887457
0.2891694419961064
-0.6045776143014212