2
None 0.5928536297157518 -0.7280573978052833 0.14065264542953804
None 0.7350277379852825 -0.08694414276645257 0.2564804692414795
3
-0.8094929538579483 0.47494214600563733 -0.5383934674932362 -0.5773839410722836 0.7147716467426479
-0.9407831550914458 -0.6096168602080505 -0.9084458519942153 0.5210500978883301 -0.2263062355223049
0.1778115334933439 0.7112327421829268 0.5025104092576222 -0.9439354073899691 -0.1579358495625638
4
0.19401039895344452
0.3618270173219389
-0.6368591447082932
0.8384729391081203