2
None 0.7198039375813521 0.3713101450263441 0.5392779554604514
None -0.2239474667424417 -0.956442663953279 -0.48799579383748015
3
-0.1162795906687657 -0.2418379702088571 0.045743313356270576 -0.8492418992028021 -0.9937845261271545
-0.11736903142213806 0.6332549599843904 -0.21505385595416882 -0.3600301582105643 -0.127555994040762
0.21335337987636294 -0.5088725625152686 0.7065322839865509 -0.9325439019030279 -0.6235283125416771
4
-0.3617239483774304
-0.7441362301896961
0.28490860195046785
-0.9331667813828142