2
None 0.3250742780193199 0.8786051843216143 0.2368291908496325
None 0.8760150895683072 -0.33121158874609247 0.20173622103117683
3
-0.1796478622163069 -0.40731743163045464 -0.5811201557735761 -0.6303323972783699 -0.5099770768219631
0.14947775153586895 0.8905425576151527 -0.7131274569222128 0.5674534375955269 -0.025516368682274138
0.10212115140933697 0.33135822740670373 0.492995185904461 -0.48660512943559486 -0.3151179017631298
4
0.0017925483634577688
0.9043090304259978
-0.600288772295118
0.3665222270059221