2
None -0.8644420337518675 -0.13465321104348504 -0.4992320664240142
None -0.86124160524535 0.9939450334390272 0.7142278345399291
3
-0.12949291248355954 0.6687022355655399 -0.53685116494293 -0.8439812094126424 0.4758530265477472
0.017462762924978392 0.792448572197813 0.8576684397034149 0.4577813732092255 -0.22708884786621963
0.1710814337107942 0.4162867774514478 0.3926133959388971 -0.9962431938325611 0.37859725458603477
4
0.3563550176326611
-0.22966145522203174
0.19393357593922733
-0.8773952000070393