2
None -0.06370664622387978 -0.1352345540094133 0.21005880049238712
None 0.6179149113533813 -0.1569908236895352 0.8772627490859999
3
0.8820028651938729 -0.2855323384592754 -0.4133325585015033 -0.6529808642666233 -0.9196268565716903
-0.1403576970423448 -0.9419928670190323 -0.2801646384357779 -0.012909725473858602 0.1635894754770706
-0.49404420161309615 0.04295986704285504 -0.27610401299210174 0.12053705597224562 -0.31472970085531715
4
-0.45868978112979497
-0.2854179913038457
0.44330449206069966
0.9527696594125199