2
None 0.24735982057052586 0.2839619052179041 0.9092888390737848
None 0.043823444692472124 -0.5864668474444819 0.162544086017971
3
-0.7223386662062816 0.6820597103668489 0.16630154669100117 0.9888262760891482 0.026976621047097193
0.9931720653225065 0.1628449854596714 -0.15404132304115215 -0.06910714520522365 0.4845624490032301
0.4963413148485307 0.3445465008924924 -0.9911593275682855 0.2510784552873726 -0.26994212496995296
4
0.891291072926752
-0.30148784291658814
0.3812101402622845
-0.6635053914552762