2
None -0.9012323154622357 -0.5786619212973545 -0.3124872330974473
None 0.6506874634657551 0.368460419973637 0.5200990801479914
3
-0.10667809186096378 0.011306897396963889 -0.9981647359821011 -0.7257212846058161 0.4319465900246624
-0.49488465128660475 0.9862984048592092 -0.6318232965170023 -0.8479635196092095 -0.8838108785949725
-0.7750713685679296 -0.43640466240894793 -0.35752998614654685 0.9151047518696842 0.49345276250093284
4
0.26396577363885454
-0.6909536022837512
-0.6135932921376703
-0.833648299830893