2
None 0.11349917633927697 -0.1651363951180873 -0.40694774935519873
None 0.2932010074090734 0.8008130411962997 0.13669634987564572
3
-0.9115560758288956 0.03465882323311997 0.37338074754514206 0.6032971452241891 -0.5715952801111179
-0.5514467760768349 -0.6785174649433652 0.5731709111056289 -0.750925377595071 -0.12662661698702093
0.2553463104910758 -0.6650950560456261 0.5441937164512121 -0.7428378645408844 0.4312134935872396
4
0.8159852478732204
-0.7967861289882665
0.8352682329534797
-0.707637996602358