2
None 0.02089592108131111 -0.4917143232289327 0.3362494487423866
None 0.07364398686036022 -0.20904909895994184 -0.26203271944144046
3
0.6836380064057277 0.8712362121327482 0.6626927642922171 0.2718009353486468 0.3559055748796398
-0.27699402050849176 -0.8144289473008843 -0.11297304443165346 -0.10665735068026083 0.43400478474023374
0.8620453952271172 0.5460255157297182 0.2327666903145158 -0.048564215710382275 -0.5466130518116681
4
0.38041166272877835
0.18784044250974263
0.9243510102283128
0.5543815603935254