2
None -0.5117798835198333 -0.47386394055577874 -0.27933464613964976
None 0.16812509644112272 -0.04764170946482538 0.21490480593397132
3
-0.29406802315443903 0.6950138988710297 -0.4189280857493116 -0.010153708537597117 -0.2040693262077624
0.4752544223857895 -0.36034360140387234 -0.4882035581712494 -0.5881905360764124 -0.6697980581907823
-0.7924336030210937 0.21512673202452448 0.7671827505959867 0.6823727023489843 -0.22619905857138067
4
-0.6721155170467148
-0.08188268497993323
-0.2897841861549906
0.9711071436521701