2
None -0.5060028215017129 -0.8789379988079287 -0.7071533593491837
None 0.42567006721946354 0.04372099300374099 -0.5478804500505559
3
-0.833207836609168 -0.34474326550745427 0.044483559807064754 0.10792641472240794 0.9409747874743191
-0.8192911571380341 -0.016620237513420344 -0.47563772183069997 0.6014507121982899 0.004397903576024875
0.570221796126064 0.7219549328845989 0.9785838360099752 -0.742025759044936 -0.5756175016596261
4
0.1201669306373252
0.863323764176736
0.5008449862980571
-0.34689527481308313