2
None 0.23923310392989805 -0.06795975101717144 -0.1483070990138755
None 0.8874102365617793 -0.7187469481024804 -0.3256456201985365
3
0.5934004834611524 0.829987270107565 0.8004890469769816 -0.07917514927151692 -0.27101985960498975
0.5484969121324959 -0.8614469519700003 0.8349259863970144 -0.9599958063598273 -0.2229103866608837
0.7895283970995277 -0.6298445997905209 -0.8862306757981881 -0.48086851878668724 -0.7703621149967166
4
0.0076865288710339374
-0.29713920415731
0.32125926866688825
0.4768887309342409