2
None 0.9698097542398267 -0.8800791492973017 0.7086238896154822
None 0.038864839805920814 0.2496292445401196 -0.7349491175128844
3
-0.7418113547389551 0.43280615419778856 0.2678157649236679 0.7763657657473368 0.02377879995854526
0.8037004820554001 -0.14434100063652977 0.8960240493224103 0.7169139082870895 0.4444785914515017
-0.11486181364658288 -0.5510655789540586 -0.14288981321283445 0.8617903115467451 0.1474589060038105
4
0.10280933728225872
-0.6870633579682819
0.11348785167959363
-0.9487132587332656