2
None -0.03661476817995202 -0.715993329513064 0.9403280395758258
None 0.6402515875790808 -0.955997985552552 0.37025447460668315
3
-0.78459876791665 -0.609468571269765 -0.09459561532868666 0.6066024687999412 0.27293499662522946
-0.21504147976548915 -0.12846251632524885 0.49301326470256024 -0.6553270703609524 -0.18136270490921302
-0.38016827465893854 0.9588817319805285 -0.5465923642010002 -0.9952672337355954 0.0689515182060545
4
0.7361983300098411
0.3162576000167825
-0.5601794484440317
0.7409939937844794