2
None 0.9999077988040805 -0.681484983509939 0.8632383625282585
None -0.7626867525440013 0.6589117372413047 -0.060017762322229995
3
0.7337497087168336 -0.8103667686068774 -0.533552500726896 0.16945283413873224 0.9833272357630867
-0.49817437558420785 0.10110999969134626 0.7171484700203206 0.41610289683878077 0.24166799236770609
0.44962574147458545 0.7972542264682703 0.2930896778863865 -0.08197259360330666 0.27716909759553743
4
-0.3913837098564177
0.1418953599472641
-0.3753501549473288
0.9024795176981766