2
None 0.44251463712105665 0.4655814569496428 0.9030018101096735
None -0.4376112018761664 0.38931005417951137 0.2078900507207635
3
-0.4536429061484337 -0.1099608083873913 0.7766698351984871 -0.0074297973816794816 0.9593089020965497
-0.7880850543019244 0.4964986825287345 0.3740418504405638 0.8629786905278696 0.6824025434547032
0.9112955042360968 0.4784997411748808 0.23880105740546553 -0.8539438801894612 -0.29264289205536076
4
0.04321728550372583
-0.20937442937927342
-0.9177292656916018
0.5993835410921626