2
None -0.7093939461556114 -0.6294249550393602 0.7916530499396843
None -0.8159057834374708 -0.8206176348099092 0.5985868930131897
3
0.6226031046284524 0.9412480691309058 -0.6224569408590859 0.4898017555609251 0.846286163949703
0.1780377834298108 -0.5290591482273972 0.28771077955198376 0.6178022907836505 -0.29636536482738096
-0.9338025427958601 0.01439793246498211 -0.2341136537897135 -0.45460452920754246 -0.01237723365319976
4
0.669971940389398
0.2870709008600112
0.9259790706735813
0.6179285667441445