2
None -0.15499078684426948 -0.7568201330804494 0.28210368731688606
None -0.7902118163245149 -0.018220988941159755 -0.9271031278912993
3
-0.0017016931628317522 0.606248213299095 -0.9797241953209135 -0.04039765179326449 0.40763223276633176
0.84756049732238 -0.890198074143469 -0.8221523855264996 0.5118387497550714 0.14394674976248623
0.44472853299962956 -0.681731803918693 -0.4015069060297731 -0.6535186174680978 -0.8049524586570631
4
-0.6861525874921839
0.25223895369014926
-0.48497960260044315
0.9023153101253774