2
None 0.12045944658340502 0.2659491747434659 0.7950094555321903
None -0.38428139447202136 -0.05856832323672423 -0.07000036636282814
3
-0.5014534877547034 -0.9148405497657073 0.31708186906215463 -0.38592273954814993 0.21810455536000073
0.5943703985480797 0.47093880134491517 -0.7037452517779548 -0.13819960331390124 0.5890338651760278
-0.8975374430832335 -0.25034775363843376 0.18292070614518274 -0.006197755677188832 0.5851295271644803
4
-0.5917173905514739
-0.16095554913278276
-0.5612901633259089
0.12901719162740832