2
None -0.6112449590752256 -0.21618488263355284 0.8344736383082474
None 0.5296556113088686 0.8738625677240801 0.6932654077765628
3
-0.8201740454565876 -0.3061543513493741 0.3470793810459596 0.19316555306024763 -0.821443231626136
0.09233263237617018 0.35218842807509776 -0.5465875605129542 -0.6070094734296267 -0.24736229938862908
-0.9519271172567028 0.4580748889232744 0.0479497660117294 -0.03822652827405393 -0.30318804744156935
4
0.9735103608178364
0.5219727856635992
0.6543990246600289
-0.02188573482334144