2
None -0.3902032305734102 0.1738137257173924 0.16331667798465088
None -0.5037901762486068 -0.29942964100259006 0.9218636971874914
3
-0.8004032799705227 -0.8293475327029012 0.7381291653381008 -0.8640986113488907 0.4177558219299744
-0.9332126053493282 0.28612735553880797 0.6547273092568773 -0.11476035751275093 0.8213781567949747
0.11501220672116363 -0.4863031692130444 -0.22014685658927657 0.6356299537633077 -0.267088255020391
4
-0.6914648570036848
-0.47631631970528976
0.21888949510824696
0.29136777974654415