2
None 0.6230376625930432 -0.015283537430946348 -0.7211374733056202
None -0.037154736235738506 -0.2870742901482084 0.11244789464585847
3
-0.42468984749057426 -0.05976993254092289 -0.7697955572456623 -0.25565545496037245 -0.7194747478915837
-0.02549956848820667 0.21213535385070692 0.007196153738766586 0.10100234140670805 0.5245701330690247
0.13243352863496072 -0.8490644936331029 0.9703184482952114 0.08184670063266108 -0.8013647519564173
4
-0.44529241444699674
-0.580875035596222
-0.8852096632899116
-0.8331891834084841