2
None 0.9468923517972783 0.5068139395467808 -0.6165557082770132
None -0.5355864804569179 0.9020693498309917 0.8256911062345194
3
0.9474589363714156 -0.36917003314374797 -0.06387347414979305 0.48677943069826535 0.30047644560463893
0.04865162162545067 -0.1811777356011255 -0.6829364512335938 0.13296683245896346 0.27193337867091993
-0.29512839388715784 -0.21498533364309913 0.5824818969793064 -0.9014484020102966 -0.6552232787915848
4
-0.7690905252151841
-0.8221986164491046
-0.06337235369854866
-0.7398124612279484