2
None -0.675856486930295 0.7480816944425244 -0.9821917429924985
None -0.8314084987952313 -0.4840372924837206 0.4791436254694088
3
0.8545253339458341 -0.7175646450177204 0.9172649547908733 -0.2265748334482489 0.6367363387189235
0.6722142768823414 0.9534141559312568 -0.3894848558042989 -0.44502929919265055 -0.100225627267569
-0.4953098112531469 -0.3893597808082023 -0.8955627171145 0.9512406199082575 0.24674814290239233
4
-0.32981440154304953
0.406835971558849
0.9987900484912318
0.9705064670431494