2
None 0.1759562208714729 0.03395401887857097 -0.3366690434525168
None 0.6563825880083198 -0.970307457992841 -0.8525168756336812
3
-0.4179014349458552 -0.4436491232761821 -0.6183291308594416 0.534753519634356 0.5812111359304131
-0.19061701933041464 0.9008593854141249 0.6775571058268073 0.22728152962036297 -0.20005385082373084
-0.28888232491970545 0.7916340615794799 0.5503839790793723 -0.9042345076518057 -0.7280189005038287
4
0.49987529529980246
-0.4077194025567321
-0.21241528360738515
-0.12689462113107663