2
None 0.8808778315523782 0.17435285760642483 0.7212217866027326
None 0.35967474016213496 0.9359402903069967 0.8470899762768191
3
-0.7223909782395295 0.2624785500198259 0.8572805172956326 0.7201362055998655 0.11685437740913462
0.4855047010446114 -0.6056603827145364 0.05896845304589671 0.7925533179722557 -0.15499649401545335
-0.8422196283400798 0.894528380009199 -0.7917882514762535 -0.798013007178459 0.837834609426859
4
-0.21963273306254494
-0.7876191791574134
-0.9231603549589213
0.754245636629223