2
None -0.5340038195119388 -0.5803816196467144 0.6735688491751484
None -0.0006616975532083291 0.2685027242531113 0.771147945637428
3
0.7912948723952762 0.8354703042260079 -0.4612571995293362 -0.9446517401043668 0.9129818430969361
0.194203691303386 -0.740797091694902 0.9957836987359716 -0.7865197124909711 -0.6273994467568813
-0.13297321854459443 -0.5287924421050485 -0.43308332315559017 -0.24040967106886124 0.8201160326686912
4
-0.8312748140665687
-0.34350622849461576
0.3629419468852122
0.6832371431819124