2
None 0.5381584208080423 0.2842270397771032 0.9747261190446213
None -0.8371652965610663 -0.46027318118854477 0.7107890082182298
3
0.9207477098178012 0.24405433195254256 0.7913493431422751 0.9149799208544165 -0.6227527303766687
-0.8755377785519969 0.03735799750474422 -0.1980274698962381 -0.1837691210296617 -0.9867980026793395
0.7281212006531959 0.28615962220230795 0.13334552607626793 0.26979660653889703 -0.09152794204661352
4
-0.16563916664854705
0.8843788956184293
0.82383315604341
-0.09045353500575981