2
None 0.42114853200308766 -0.4092322914386237 0.36956057107998586
None -0.26221841624585274 0.8489253769966696 0.11754304269976235
3
-0.6885639224340243 0.812118609792126 -0.9928143987707196 0.14370461153140468 0.48037094851152196
0.49729036902854684 -0.06844727381501658 -0.7203600593234218 0.9690876566656788 -0.474695391582588
0.181634183606177 0.5016621115801085 -0.3966646148010424 0.46783264143423 0.6179732707732721
4
-0.19656062754859227
0.16563280119663082
0.5555249885706246
-0.3924394245307248