2
None 0.22606026760211906 0.3748411384909711 0.34611277771506077
None 0.9611506462947612 0.6930698050397217 0.347391053976585
3
-0.03487436550742684 -0.5225094998454483 -0.6378562457266519 0.2976300716605933 -0.2892925797320378
0.2814032554224899 0.673153420545838 0.1245177291924855 0.5448797723810677 0.7060732041882902
-0.037521740950667626 0.16921658016914987 -0.33853705875425777 0.6212686790391333 -0.13022917730243666
4
0.14641944139287322
-0.3008684183630328
0.9839092953009279
0.8158526407211422