2
None -0.9100372509029846 0.6815189381984867 0.08586539633761614
None 0.7493557885387221 0.314539472980629 0.6129835876410696
3
-0.12871730059696107 0.5410738913284068 0.5054497356082963 -0.27747324195817824 0.8098487660319644
0.2545728569154637 -0.16603209998163848 0.6554215223759279 0.4470195517762088 0.26695293386273455
-0.98279805493472 0.4760758254726054 0.4501379858688559 0.2843501275134719 -0.4800746483099352
4
0.4361060725845516
-0.9870497884340907
0.47439612615524407
-0.9111471805790605