2
None 0.4754002609235246 0.7654032225299807 0.8939634819950897
None -0.586661361774228 -0.4954533671541248 0.9404252154399959
3
-0.9513748321763087 -0.9958618557963783 -0.5788551010191627 0.27591539996873515 -0.3223946430816449
-0.4571705485519466 0.608079616814956 -0.5838785638581032 0.7269549931168662 -0.45291499653621137
-0.15874824618738193 0.4072797110207378 0.7148519886880527 0.9638283887775374 0.7645395161871966
4
-0.10777436924830108
0.12241654355367859
0.44431733224384895
0.05339212381276681