2
None 0.5280936785754196 0.029926248143373524 -0.27036743042504097
None -0.6745328357677853 0.01800971915870564 -0.06630068388901766
3
0.16684852447941156 0.9359423653620713 -0.0630059163691179 -0.34689902695159125 -0.4727672277873609
0.3804531443804502 0.056849108470869325 -0.5180805363577565 -0.5481876935156773 -0.15608762008601862
-0.7482956428805858 -0.8985051998887461 -0.8504223661464931 0.14195314687947835 -0.491686085391283
4
0.41122266303417954
-0.24536971352537185
-0.19922146105178773
0.7743442440922383