2
None -0.3538782101376492 -0.2075447458690245 0.5745256737179971
None 0.7210195044736338 -0.28858222426945246 -0.02988668539473438
3
0.5477345457084912 -0.15485840591069278 0.3293860218141611 -0.05649040629162738 0.6262614409296088
0.2230002792948016 0.2467465949841321 -0.8114031971675164 0.16174240399277462 0.3737883288317976
0.15288469428881357 -0.9171550915585189 0.40969891810876113 0.7159754948066333 0.035074657756448246
4
-0.5998918314077553
0.24552741148433466
-0.21106060463190968
0.1815982539774852