2
None 0.5781746380504729 -0.18744528500170587 0.23215413028811516
None -0.39017179453549056 0.0009344849850652093 -0.5573113382766608
3
-0.6711677277951293 0.27017542441727205 -0.08978765328966354 0.47956031572422586 -0.9665718226803104
0.30161842457442223 -0.21709725891085996 -0.22408959471326795 -0.6267208265243869 0.6687938804839673
-0.21758203683363186 0.8671055367408342 0.007485666524878809 0.4822427093346304 0.6623521368236687
4
-0.6936730293379274
0.7533306320104538
-0.5213284928751685
-0.9104745507240013