2
None 0.08393962347981532 -0.6002978498972371 -0.5054841310592997
None 0.2643567599549286 0.8913638419696217 0.06570103583637099
3
-0.44787714129647105 0.7404966488564648 0.8704102844797463 -0.6122119108495974 -0.09545382914757528
0.7725290940256311 -0.8446589671823677 0.8089864984573445 -0.9460124583485512 -0.55351417680147
-0.9517936528079445 0.4464265964652403 0.4988042163802384 -0.8144686004514361 0.35637630439928647
4
0.6437020197086829
-0.9454528702257363
0.12445005781056251
0.5230074302735008