2
None 0.06968358465686864 0.03946803093455298 0.02623481994766097
None 0.4460105820511422 -0.1377084493936922 0.12232810752013834
3
-0.16592449498010864 -0.7296456873747932 0.4839810366968915 -0.22366557466499382 -0.9213520413669696
0.9906771224122604 -0.5890670634300554 0.30975561016400754 0.40901552933472995 0.995040239108429
-0.355307110408291 0.7782013721488985 -0.5027928064373339 -0.012190075691173696 0.7615412054699517
4
0.28783903224712626
0.9113668519411822
0.2571899774210389
-0.3985310367306649