2
None -0.25024678271843626 0.30140356136895075 -0.5839085348894211
None -0.253228095632438 0.6768566686702746 0.5978769464379108
3
-0.16349021139380748 0.6058790434726729 -0.6113409726361507 -0.34843520080703727 -0.5359275323383019
0.23392504658410607 0.21803841960698755 -0.7253901338960003 -0.6707949174310861 0.9976244198237132
0.8142206782123691 0.22680769254967226 -0.9393424174172114 0.8967598707199109 -0.8913113877424006
4
-0.6388153019125009
0.8891793090259408
-0.41781041342615466
0.49027709043869083