2
None -0.7784704972511338 -0.21165144660086344 -0.9370396004363495
None -0.18618686224752534 -0.9000020518756833 0.16463950004964745
3
0.6749903900910732 0.6484053582315517 -0.17408616864661952 -0.8733833339085628 0.5547878463675242
-0.8786899035836158 -0.10347063717068128 0.8810303293315851 0.4507707931809397 -0.8683518445719753
0.07563044018061116 0.24344280436191168 0.683371704310477 -0.7260176354912844 0.2157157715261968
4
0.7589211552636326
0.5526720662326612
0.24201027324439273
0.31635803041720245