2
None -0.3047934887505175 0.08323818850922238 -0.356234654411655
None -0.5763452802589366 -0.593519526876102 -0.5531299772094624
3
-0.5386925002056513 -0.20841344351148683 0.8576626679666919 0.7454066356031352 0.6624683059986036
-0.7962376477774917 -0.22129671180348853 -0.3745320701447361 0.55814777895026 0.7432819496532648
0.255657332358308 0.39084062916453877 -0.30727753268527946 -0.7008163778270275 0.9025819670610307
4
0.1549575978548432
-0.8121872959622747
0.9339854404001835
-0.14158007076272794