2
None 0.3141232856638769 0.5226720610890176 0.31485191134977475
None -0.3633358645393463 0.3385166997498914 -0.6965594112517677
3
0.5990191211471678 -0.4196592161491046 0.08688902149604893 -0.3437015167750346 -0.5594400473550154
-0.9256458687881775 -0.12229666706906062 0.42089411812593713 0.039142547189065624 -0.5901421885193274
0.31254206617791036 -0.7657789640948722 0.46016341898685975 0.23717274155509727 -0.21681917323139888
4
0.8594607787493831
-0.20456535514866525
-0.1820976937602763
-0.1682688689243692