2
None -0.5064252883218032 -0.026848176982183114 -0.7379144800462167
None -0.0891960220072947 -0.3311020506973641 0.3591702366408627
3
0.9872360145199626 -0.7197650731488805 -0.11835839669981807 0.23976587141275973 -0.14808710580876516
0.4193448862336986 0.24487311047058147 0.8621805590101004 -0.058247015309689676 0.5302758455819117
0.9819176046010676 0.18810727341078337 -0.3436441854071006 0.8411859196447662 -0.6065961838522496
4
-0.1404833545489308
0.0659454467436269
-0.6941373933808339
0.4834827876723329