2
None 0.5362570239869011 -0.5272704690217103 -0.237981642243714
None -0.45780986765304776 -0.9487411661314114 0.6227901105798692
3
-0.09274168386271953 0.21903768178901384 -0.6112335008434566 0.9170116985326555 -0.3764043769494172
0.4835435545377442 -0.8425861386666329 -0.7159103458505829 -0.677315030630744 0.056236291796419646
-0.3723746475386416 -0.6044935884829239 -0.5981181409640122 -0.2577194682934998 -0.9284282896158604
4
0.2768119673761562
-0.5807610993009642
-0.7171987872065864
0.5437034984997537