2
None 0.5252327982948901 0.4514095220340102 -0.3668519806594115
None -0.895006286169068 -0.050891514934675586 -0.3930568074619707
3
-0.3932676609452237 0.963364257792152 0.2691258759377908 -0.2754860335662366 -0.35266967221017365
-0.020721830684214293 0.6915789152726326 -0.39522746097742 0.24490042934709932 -0.267476411750593
-0.07861069786074792 0.9608989830467007 -0.1936670177850901 -0.6965671161890261 0.6706032318197901
4
-0.22213890395266644
-0.20883345423461708
0.7213950156114401
0.6352207929792275