2
None -0.0864404032464976 0.8017388605271527 -0.22170659880589194
None -0.021113847532346686 0.02865770839486781 -0.055614276720330036
3
-0.6695954582617982 -0.5242425390721095 -0.9829441712805436 0.5158229983020988 0.4594696830608014
-0.43899446196794467 0.8477020569607787 0.43989681050806295 0.6024254701329526 0.2090263883193415
0.6365056864255809 0.7053903103960273 0.8440810365593303 0.4675442235241818 0.5454933506134121
4
0.24694210262965588
0.24007958953389874
0.08619935219347497
-0.7580402543607108