2
None 0.24471824344429938 0.1512446416608848 -0.14517765291672924
None -0.5688866061079354 0.6417439737111237 0.5451888262286058
3
-0.14687261928153994 -0.41897116502772813 -0.5462310401325154 0.8191936352961309 0.7970964367864402
0.7485053328565376 0.03687401667556056 -0.009983415183441036 0.2870153875642638 0.6363945189487634
0.3709326303617775 0.4623886018279386 -0.8314501005178785 -0.3025985109909437 0.4126311020301219
4
0.14646347860287556
-0.3790343449441642
0.4130558402811255
0.3436000513468158