2
None 0.5410315401153745 -0.4468593267914074 -0.9972948807925288
None -0.33412084103717365 -0.4438579338547046 -0.17523331067700454
3
0.3606504501842882 0.8092531817303374 0.034226920065444144 -0.7295875916885761 -0.9619821318396367
-0.5487530349233516 -0.04787253073036202 0.14552984448723083 -0.5867825612978856 -0.8266110956505082
-0.7840753705674439 0.8540839696938389 -0.23939217498831944 0.07865023531759707 0.9033101164652431
4
0.709495332394398
-0.5516812258551413
-0.2661187585686333
0.5257749134552936