2
None 0.8253064948685833 -0.7827763986955683 -0.747965147154612
None -0.6882179215803181 0.055869024305290615 -0.25734537789476386
3
0.2339865960870715 0.17192243629919934 -0.6362275688462073 0.2861996827927604 -0.8244968960882701
-0.3235167075809946 -0.16030616250138863 -0.2134931650164491 -0.8975486086580866 0.45855403436247166
-0.3997809842300366 -0.4126846240202946 -0.9998371337097456 -0.14536399093024177 -0.2788975484614804
4
-0.6246983810527589
-0.35657141624260213
0.523337841463287
-0.08517694954488109