2
None -0.4044273876207036 0.1917826950143675 -0.8057989719938716
None -0.9685941995452378 0.03887121133340199 0.6999976938952017
3
-0.07838662940725105 0.5863766091289571 -0.033720992897397606 -0.04405652165672391 -0.8082909490036605
0.9254629430782606 0.026366164780740053 -0.5938130113393505 0.8414084107869815 -0.2999557590332049
0.5989637543684168 0.047566032409958936 0.6644497206685196 0.5173267413877138 -0.19952740603862007
4
-0.160153175323698
-0.7104667721545475
-0.2026414038471096
0.22153320338765514