2
None 0.610668785048198 -0.177657760752719 0.05986255704062837
None 0.528638396588339 -0.08540735222174556 -0.63276712899598
3
-0.20005712629090477 0.5450743658226538 0.953841541508053 -0.2507254778374395 -0.3055499062336213
-0.4861079620812454 -0.5267389904416917 0.007968481565774566 0.47568071460266825 -0.30060238011597207
-0.45730042693825723 -0.7853571038868989 0.23899206001854645 -0.6288633556796375 -0.28041512552583225
4
0.7698105270646911
0.7036353420154455
0.8563647255136049
0.8266971207331557