2
None 0.5075078011721557 -0.3490038037873122 -0.7864625337678461
None -0.6587086519046486 -0.4944982623756804 -0.1986911703972707
3
-0.7618915895333571 -0.08088461012841952 0.6599959079750808 0.7144668460787595 -0.5425828617355999
-0.40243072336582686 0.552267595187468 0.8598392450018304 0.8787542182210928 0.2148814601620379
-0.31174279080645717 0.13702443256958596 0.2637520186862714 0.008057173502726167 0.14009443769923768
4
-0.9346832585776199
-0.27869507602917265
-0.5344578974901035
-0.4939589887436424