2
None -0.44397525703138907 -0.5499193022625493 -0.6700540430179709
None 0.9326873648184699 -0.19106309559959556 0.8904437972951638
3
0.9929325910559685 -0.22363230586764327 0.5705812740301177 0.5648193181401417 0.07903295897005647
-0.6589268225131328 -0.8847219940181636 0.4117758468792623 0.6292864154709745 -0.1278967890802738
0.8962102171036135 0.6568882389700612 0.809191187039457 -0.05846480986122726 0.8127062295641128
4
0.8436451791395674
-0.16857092124855422
0.9505398312054998
-0.1039438502842207