2
None -0.8432998821992441 0.6874037668193569 0.5006342658415328
None 0.4919691571489795 0.5053514370040968 -0.7629475795983991
3
0.5530809367784322 -0.5755076552943306 -0.8177499397820454 0.484695618315909 0.33498754062705793
0.4186881703487624 -0.7345542741881512 -0.37203790943585435 -0.10538618021349877 -0.6238038301350695
0.8199375380724703 0.2545347883285489 0.937379870989099 -0.3662521797093734 0.9949602869846481
4
0.6555681568482412
-0.23493080740284977
-0.11602178311022171
0.9769277365127333