2
None 0.8930360945236151 -0.43930468134606904 -0.06416570775874408
None -0.14511060962770506 -0.7460995466332736 -0.26174812898199473
3
-0.9929545930628323 0.49334832981666166 0.9375289201862227 0.896592282909783 -0.36563576309156764
-0.6777428270624335 -0.8742826855971468 0.5002397526787361 0.8707610380693742 0.4275845816945538
-0.07497356300819114 -0.15589493298897783 -0.11338934089430852 -0.7830734889553748 -0.34398141137046356
4
0.18377992612374805
-0.5332824967616363
0.5275012731951108
0.5937584257807156