2
None 0.023551024612414206 -0.7172198639707454 -0.7835024545179383
None 0.13507661706892904 -0.8383442395360112 -0.28785261452306843
3
0.261196577558531 0.6945567906254231 -0.40643910991004817 -0.3558467801607266 0.01617562136370898
0.12451816019036688 0.00718747510862805 -0.6517306637010032 -0.7311159942022718 0.725407182389556
-0.6081733479772311 0.6686048501778854 0.2114036388080911 0.9817480442911097 -0.842000901806002
4
-0.4375915347321313
-0.5921445469773796
-0.8857056756858719
0.10713860071682646