2
None 0.17026449207653438 0.6377827116655368 0.05920309775002508
None -0.6080672638422282 -0.5987370524394111 -0.9247971133637249
3
-0.21171339523413324 -0.8063887138879382 0.8735844145005214 -0.138008324626405 0.3774904790166449
0.6641098380149895 0.22536514269100727 -0.8695246582916234 0.9240049881159575 -0.9423183707892402
-0.6630798528300781 0.3149913720603621 0.8557340620452665 -0.06517539034115472 0.18546042585376576
4
0.961320025938103
0.6438078720879157
-0.8631852582944632
-0.5091913520748415