2
None -0.037774681908898655 -0.014696400482711258 -0.9650234956535271
None 0.4351624837340502 0.4970248590260904 0.4437380445443415
3
0.07789211908814764 0.8296537481828603 0.5535371458483083 0.039608637875481856 -0.6067264326520794
-0.4053395259329975 0.7939189288918138 0.6237649825016061 -0.5223341868189917 0.2662311007781206
-0.9960142287839877 0.33289414751625146 0.7335192353160791 -0.6654169491204784 0.11373157837295089
4
-0.8759742587605384
-0.97092037264142
0.9335152791908354
-0.4708736622417311