2
None 0.5908077234426516 -0.023381837964751906 0.4178523326490138
None 0.744873107116325 -0.03702759709475334 -0.8047343878250743
3
-0.08010380264281491 -0.253497495761966 0.6522210338676515 -0.9451078858514932 -0.7347840671925185
-0.5909180921181507 -0.45541615854798145 0.050440175084312866 -0.661330744611963 0.4444041690537184
0.7918734997101728 -0.42619484300609245 0.986943495958253 0.9111735976116973 0.9743483640120609
4
0.18000466221356448
0.22952882469633606
-0.1965589111309889
0.08572812563607468