2
None -0.7041427395812747 0.5132521959602612 -0.8734286883815361
None 0.41430417757584403 0.6759661370982024 -0.8279601232857252
3
-0.9981481539433037 0.42100226938855223 0.883918205687422 0.9839999335380976 0.6959894840204359
-0.24218338769388237 -0.10478037281769348 -0.9369743919038611 -0.3701739376226958 0.3013990318786921
-0.11367634967582996 0.268354462554627 -0.33861287937556517 -0.47605457949601915 0.36001484336164147
4
-0.2138549414859492
0.12155080599954537
0.8649896050053238
0.2868478631660114