2
None -0.3936078304588675 0.7100470756096835 -0.5912869871701869
None -0.5167189983856288 0.12105368367378677 0.8134464835108028
3
-0.4149157768338385 0.4712675764938117 -0.5838838708206544 0.3228946090257785 0.47031005164645356
0.930635470166459 -0.6380806835542017 0.31185057055149423 -0.3767104742180791 -0.8869763733336113
-0.48371771869820024 -0.4082980429817009 -0.15809772099426933 -0.09389805638752624 -0.25529736463514885
4
-0.8595094287064025
-0.968735327211333
0.7258344683740177
0.5415380268988583