2
None 0.562849808117444 0.07215959922799442 -0.9849928383128124
None 0.5370060358654869 -0.9792499034125861 -0.41037072397467056
3
-0.6803274138356721 0.30408576515986496 0.6108429452783379 -0.8743350840470578 -0.7503279339102207
0.6623250650063384 0.45720298572974016 0.38748323255967687 0.5859310139700165 -0.778603459660649
0.8784493285083816 -0.5914382478104752 0.9629463339283302 -0.2275892995079507 -0.5032487616699481
4
-0.9845292369351968
-0.2442069423404396
0.5781812547608625
0.9687938083040306