2
None -0.2295296713582453 -0.374351624928988 -0.0039878406907900565
None 0.6944312857044259 0.7986510755288097 -0.0641217317402385
3
-0.654775563852241 -0.567953921006978 -0.0011570091114765368 0.8254334151877754 -0.8475918601815291
0.5897276583920481 0.7602266442580248 -0.04188502326727561 -0.8863086167110075 0.18721887094176437
-0.18038923513088578 -0.6525047465775295 0.6687796947965179 0.2746961105363448 -0.016982920529514445
4
0.41335426635706685
-0.5811642938784483
0.29660515760219774
-0.3216194412817759