2
None 0.09207886413382327 -0.8100060171440375 0.7781359905951357
None 0.176737241359745 -0.6970415564707306 0.6895206136458643
3
-0.5537282136370298 -0.7511324512134294 0.2887084522228296 -0.6287263454540293 0.5613274376783575
-0.6278970268302435 -0.620415262358452 -0.4421308196227085 -0.458285157950574 -0.33690167270938853
0.5936377840131117 -0.7174334923928014 -0.06666872867547946 0.36849026704407706 0.9818209913954463
4
0.3741270665529648
-0.5652180975034282
0.12717996862843917
0.6749133872467801