2
None 0.4568755429238365 -0.4007460396183069 -0.3359851603604689
None -0.580579751203947 -0.03562523656588823 -0.5470817206509921
3
0.7892042745787482 0.2699172443718003 -0.10483152996846967 0.22154422202963975 -0.8523479358993171
-0.2606761761253904 -0.8143830406157131 0.4953624634378253 -0.40662063707022456 -0.6569023786704014
0.9574911750704971 -0.4101680892290478 -0.8625526752791226 0.6862199024920319 0.009079626768647042
4
0.6685284079783527
-0.2663921040014827
-0.3343252222043298
-0.43845956971282574