2
None 0.7856569643150799 0.9949952670462081 0.05034925173902138
None -0.6873552549963857 -0.06711211964696995 0.20718329452440898
3
0.19953597120402322 0.18954492428512348 -0.02106758071843773 0.43215328934164354 -0.4774961301898881
-0.2805140093398366 0.11365307700906824 -0.7522352549499238 -0.42636420683283394 -0.9759249570754078
0.16007251824294455 -0.23161809952178158 -0.05651674685973296 0.15653484012574648 -0.6901904420574658
4
0.7832977353564317
0.13493428786514206
0.7587453488869778
-0.6354525281488659