2
None 0.056310660226339904 -0.9160455758975166 -0.36273197122075596
None 0.6176505425307581 0.4339584874890703 -0.14964123334335033
3
-0.5768129537375806 0.4052201063007015 -0.638560132264971 0.527991808072257 -0.20661269921303926
-0.23667413170216944 0.2094862352076048 -0.2710727388081684 0.6410869414741112 0.812136951092383
0.5125500148779196 -0.27912246177584277 0.06772387385709555 0.13134255296244435 0.02003837068626213
4
0.4421125109705719
-0.3266892194424025
0.07510604770256712
0.6960011245915694