2
None -0.6146024241606829 0.7082256003790977 -0.48224875979090887
None 0.9091805839853009 -0.15025917458266624 -0.3745257611760411
3
0.3425315999825802 0.523079507970786 -0.6521433525551532 -0.4282125477866634 0.7400772883075928
-0.1865009705045675 -0.04188541320098471 -0.3048542510829526 -0.6321264519240726 0.6888265977335795
-0.17397657235272823 0.09618254931125336 -0.5174064521572146 -0.026282307729553533 0.5778694235802311
4
0.051119423519067064
0.20555619083655263
0.45123223848214944
-0.9978194013966739