2
None -0.44676095367062185 -0.5142189686980119 0.2957678062269402
None 0.021119366301179054 -0.43669983082301567 0.08030479460736117
3
-0.8209802910139246 0.5058743917672319 0.4711106812163701 -0.4185060457379306 0.697094480008893
0.21173893133581245 0.5037570416625026 -0.8536061675333768 0.933635498367489 -0.39797855727551523
0.15144553378530556 -0.23049130569111398 0.22063233188380504 -0.35261390375804624 0.5487611712114582
4
0.14330392766191968
-0.2232887928010603
-0.19990863760428357
0.5630713332110826