2
None 0.524317337640376 0.3003700042213322 0.5455582713800091
None -0.24016069832114018 -0.7255762511037873 -0.3825965309569819
3
0.3105913184304032 0.13388094093873204 -0.27866247637368113 0.3817780166128568 -0.2497787358011916
-0.9837106246408474 -0.5556891251683325 0.8949103571072325 0.5585034762372156 0.48394128338991327
-0.3056395849946991 0.3142039863181225 -0.7263589363169478 0.88905749851931 0.8380325616672781
4
-0.059796266070268445
0.19159566011590368
-0.2649014289770302
-0.37957336498379957