2
None -0.5588261544627815 0.07119876404838332 -0.3925596015532371
None 0.39902599696014796 -0.6227939010651731 -0.7804226472933926
3
0.8673769181199202 -0.8991176626596762 0.4480351007104444 -0.791751548471173 0.12066153557449821
-0.5982266868876409 0.26403559127805143 -0.8321017615959021 0.531409834378592 0.8071049512727604
0.7809250104154866 -0.24583707948332822 -0.19905005131685183 -0.15394603811450436 0.7824660180373402
4
0.3067659381730927
-0.8759568279935719
0.8406685744743718
0.9698709960720486