2
None 0.602851517810506 0.1612383566490876 0.6723680878444787
None 0.22403254139763518 -0.9152522232293989 0.991562058850034
3
0.26491791462395686 -0.36349884586779413 -0.6669050302625854 0.20511977358623112 0.8596372868580202
0.36842991690699844 0.2896631045024525 -0.7295842141990772 0.2932016512348863 -0.6769610781742141
-0.3257278690269023 0.4125921666987358 0.6182270926446272 0.06722858930071518 0.6423093746437649
4
-0.157031742840412
0.18834299180944214
-0.6947804429724345
-0.19808577943051708