2
None -0.22950727083402866 0.7526713932578537 -0.17491265082676422
None -0.3077521411737354 0.5366109745385559 -0.22539894545139139
3
0.8765489566102711 0.44144411459062427 0.20115170882936217 -0.37793678239884154 -0.8016497144199253
-0.63959826691107 -0.34873716359503093 0.19776214382809498 -0.9279313692770379 -0.1912665646130134
-0.9295122792216646 -0.09414335334003043 0.07565240966466735 -0.22066570441356026 0.024968306102564064
4
-0.0803416219072779
-0.7343068443889087
-0.8430871043870978
-0.2703016083021992