2
None 0.5565520413044343 0.29533403615883946 -0.5978024046201269
None 0.4729788495836771 -0.656935652070239 -0.9052928134127838
3
-0.8810566364344703 0.3448357994180915 -0.3657061920142506 0.6941888419546893 0.018242735435657798
0.8384729675895994 -0.5852436105733205 -0.22892217519191305 -0.8423683825147821 0.8241552790362265
0.04142465333479817 0.7417798198830698 -0.6953857879178258 -0.93150127093405 -0.7392235899116579
4
0.0977417165515766
0.4827887425700632
-0.48195715249126136
0.45642305650468074