2
None -0.2563392337043571 0.6964910089039646 -0.6982829889646887
None 0.4490997224190496 -0.3870136797998871 -0.04350052001637805
3
-0.3989496224373028 -0.3130408036745991 -0.9346349988935001 -0.342926949904776 -0.6723155680038435
-0.20346538958121796 0.8246047333776771 0.8761044706884358 0.34588754112774245 -0.04035342603447245
-0.8248299970455786 -0.35850649622603536 -0.5995725541694596 0.033518771603853637 -0.45045437083755213
4
0.8387083247032052
-0.817742939426233
-0.7283581682598654
-0.37274829395070075