2
None -0.6978360700619364 0.48273914766615356 -0.2727941093552704
None 0.7160014351264494 -0.32683187192526475 0.41839716352195766
3
0.8097700446076646 0.22330720561843465 -0.4035930261265128 0.8010258390015175 -0.4264097042375228
0.3270613752463556 0.4347259759672144 0.22754222820875136 -0.26201864243570405 0.9944878490839253
0.03421427747307315 0.5788628651134471 0.7687638661816172 -0.9938088669492569 -0.6979726862146081
4
0.9621924110908331
0.6097189633415778
0.6972871993180485
-0.6157724969739098