2
None -0.3860363421735047 -0.5125124754717953 0.16460957725973535
None -0.9296188342513576 0.49020286003669056 0.3047167692946149
3
0.7129875134036041 0.777090402773573 -0.25580150097684795 0.05307031877316626 0.14157453428281008
0.30112583867869036 -0.8984630919234198 -0.733080070792347 -0.6326519322445838 -0.770518598286047
-0.30103804360759634 0.17853210184145007 -0.3824800390320382 0.6725556787664195 -0.01998789241522081
4
-0.31770333359881553
-0.08445057788844257
0.7864201561890602
0.049640988541862274