2
None -0.07116388421073583 0.8009688866032174 0.9363217225144389
None -0.948101232148882 -0.8793375358526707 0.049644389154889446
3
0.5134449791522979 0.891342480136444 -0.8271629086514225 0.047571843293426674 -0.18912839804236348
-0.31687953271516367 -0.19038868581438706 0.3514272993588228 0.8828746690032288 -0.6570266946283876
0.8228966094005223 0.9925135390158466 0.8725467323192078 0.9187414253899089 0.03441550302252572
4
0.1434129855477979
-0.41837721388905935
0.38535519625633685
0.08135138118063834