2
None 0.5982174565496587 -0.3104709979800868 0.05471230153598583
None 0.08302590904699247 -0.9381748325850441 -0.11127767955010781
3
0.5917200136155387 -0.4109663009955773 -0.5953977149473122 -0.13823390139362823 -0.970886738167221
-0.6315143760040014 0.7056816308629625 -0.9430656895209075 0.8968904544788148 -0.1437640076728508
0.1974398384813798 -0.5004123647627108 -0.8924635534056709 -0.44780908442779555 0.6498625915178369
4
-0.44909877556186273
-0.2076432802648307
-0.0064121401705814485
-0.6691714730642571