2
None 0.3688490906263675 -0.44156616054224895 0.6179564272291416
None -0.021168605945290908 0.3769821391375816 0.5175590025701977
3
0.5888105646859314 -0.10900798174284465 0.3831807676488539 0.1624728817421799 0.021403307576962405
0.029056383116335294 0.607633207020635 0.3520154253556784 0.19928987561503697 -0.6138291345415201
-0.8928825305020989 -0.4230405115023552 -0.32757111195303 -0.0013448781592051429 -0.14908564026062265
4
0.679179544595478
0.06981681059144207
0.8431400866616541
-0.157653013546589