2
None -0.4269029756641738 0.31746836963742364 0.18956251638540822
None -0.4205837541348958 0.25951488106238174 0.2208431815415084
3
-0.14923276701280086 -0.2711791200691229 0.9836833482570839 -0.4525857839248111 -0.9951892532377393
0.10010075097519677 0.2040998766602804 -0.8024984279100764 -0.9918241498624829 0.06609420245132691
0.800000170510532 0.4624961742779172 0.03134792819893861 -0.2727827605084965 -0.9330834893094402
4
0.8108339222261791
0.6750669146643034
0.647431883612176
0.15505709979464677