2
None 0.2915053353578976 -0.6671608310786397 -0.09508593080514904
None -0.5352610709300079 -0.07057507554178666 0.6770749920483117
3
0.7755237897471703 0.2621262282347969 -0.17202317314500326 -0.8852326877765744 0.7398693874131432
-0.0006769816249061478 -0.31520170057455377 0.6681448995655366 -0.9988112756385488 -0.24062837192633868
0.3965351440899736 0.978353953293225 -0.0972588708741029 0.9163822773565911 -0.06787113634424302
4
0.024750607831051985
0.9153191797642355
-0.9609643277975763
0.7521021342806169