2
None 0.5619158362384351 0.0664480597146484 -0.009641249117567918
None 0.2565134242293412 -0.8327494424705797 -0.9480953901338887
3
-0.7187692326108273 -0.8520114759987181 0.22761379192572573 0.9351275937763397 -0.21021357381092232
-0.3558790626926258 -0.7778787442532753 -0.005795009401993623 -0.3786423999356081 -0.42452239549416526
0.02308899951594312 -0.18491493028578398 -0.4996504629800229 -0.16173071657825355 0.1440051667189921
4
-0.12152774693545898
-0.55301406566555
0.6472912697286235
-0.24756769852285698