2
None -0.8528431686121503 0.7905413460027171 -0.21281254213674083
None -0.5435455203580719 -0.8616693169030374 0.10106531672273245
3
0.008822882114942754 0.26374336700074363 -0.5197287286602406 0.202342954099741 -0.21176775713994567
0.3686630772866748 0.7001497713420566 -0.8984040557829271 -0.5304819956834195 0.1547948882243284
-0.1402329750717055 0.3917649852941447 -0.676777951939102 0.6328380664463913 0.12580493632854273
4
0.7351891201649132
0.8407001561177536
-0.18185189571477967
0.6857959009516847