2
None -0.4522586623560829 0.5808185681773756 -0.49270402668125923
None 0.32576031484913237 0.7644767088615674 0.4030032856232171
3
-0.46041291427400965 0.39767150911622107 -0.7078222645167922 0.8452330965271266 -0.43331245206099034
0.13366964141023452 0.09828188194989673 -0.8048855042818477 0.37035140540862854 -0.8890444978159242
-0.6716229932939688 -0.8770765391192885 0.7229716443717991 -0.4954640452024939 0.6513838942753187
4
0.4499661053300028
0.15992953572467994
-0.9320104862984389
-0.574728405559692