2
None -0.5931570746088979 -0.18412086081618617 -0.41390192849533425
None -0.19351912187343379 0.9166355669005286 -0.7803417453122914
3
-0.865500700740397 -0.06629910079510792 0.4646788284446628 0.18413730598498468 0.26973919865859686
0.07858916501283031 -0.904217590752266 -0.05751467815604072 -0.9288095959227947 0.23065021896137194
-0.9669877500006681 0.11316149850193669 -0.19462870382790443 0.062121720869678265 0.3872822426480107
4
0.35984234288078687
0.0614065146675733
0.2838947777102714
-0.7640393853495842