2
None -0.9306229982023593 0.7333793541985412 -0.14903777293345288
None -0.6406935410059187 -0.246289923418046 0.9490321696518822
3
-0.7051357525894903 0.782885716322812 0.0569725435502737 0.46512988583997705 0.5928063428703729
-0.3545722094469961 -0.2935441183584857 0.900811679629751 -0.4299731833580567 0.2645877057000814
0.2819896528076775 0.9808389493843803 0.9362326155578924 -0.9038044447852636 -0.12728837439753415
4
0.1119489370285156
-0.9118278038545848
-0.9562754721332103
0.08313821288667955