2
None 0.7126565847095305 0.027235326489970735 0.9175400775510858
None -0.4185126375071062 -0.22236160757120493 -0.10985667398837085
3
-0.30054454030110267 0.18056244095298135 -0.1709403358706405 0.3899961959813072 -0.17275157955032472
-0.5201514559690972 -0.27395547079631655 -0.9430523495567755 0.1790186842441308 -0.004734210958324825
-0.33825317989918746 -0.9726052196392312 -0.8199871708994881 0.5448766204323101 0.513775755435435
4
0.6968563984344065
0.01983519760226682
-0.7396688543165861
0.19702827258375222