2
None -0.5678008469189981 0.6108815415817457 -0.16504517386857653
None 0.4282359951391199 -0.6580381056703484 0.02932255596089428
3
-0.4946751088025263 0.999499914613913 -0.7475289065791884 0.3479219655960182 0.23529174652736562
-0.22405530993189093 0.699996112664766 -0.5641311789839043 0.3828476386439714 0.9441313174800701
-0.6008238862221209 0.563652368044651 -0.3780436245685137 -0.783608510803999 0.7714702069792274
4
0.3879890103516055
0.6545886904139668
-0.09703052253466704
0.8426975083094665