2
None -0.6259205112608885 0.06418188891777765 -0.552127197236461
None -0.14311256802409056 -0.36275691401798826 -0.326963001427252
3
-0.1938196463426205 -0.697810569141359 0.8859587771217408 0.9552682929689829 -0.4375963789680035
0.25399805156514477 0.7397257809693847 0.7289926472547146 0.8414610555378923 -0.6502352119919514
-0.37362574210553423 -0.8030347674990117 -0.9319251213552402 0.16932903466665672 0.07449870573779682
4
-0.44752029650615444
-0.19364277473956704
0.38491149892496734
0.6905293651157098