2
None 0.9987141948852545 0.8870143652632143 -0.2805539836793891
None -0.13396555674092792 -0.2516552311153868 0.2164032229694104
3
-0.22017805610904673 -0.07918198736715976 -0.40026370337782224 -0.025856055776960263 -0.526540555955006
-0.3453125032455864 -0.7434106484413221 -0.5378043645092969 -0.5225127284998414 0.7509193133649148
0.7427280450407703 -0.6435962266706066 -0.7059151104928367 0.7925619460432074 0.2802821280804262
4
0.6508237313566894
0.5554528118453845
-0.019698057607478114
-0.5958489243089593