2
None 0.9563618718373152 0.5599614394015673 -0.4370301440670479
None -0.4249537907882295 0.37790675665798124 -0.45463972378083173
3
-0.659385360410532 0.3450493699477728 0.3139050035048503 0.2580465740104565 -0.9853790347704914
-0.5010751376440004 -0.46468073748346606 0.8107794874880181 -0.417204434489457 0.9253025068467209
0.555271781667912 0.18277088363278882 -0.5277031245265955 0.09713499534397019 -0.3284426476611064
4
0.29524248946949894
-0.04513948485840946
0.7909259309422907
0.9203429510575365