2
None 0.49625212022574305 0.5791184563055765 -0.3887772097751385
None -0.3433248354373386 -0.32443359705010866 0.6657847716772465
3
-0.012851533483034139 -0.7075866781542319 0.508829399007237 -0.5806001400499634 -0.22430254559020213
0.37457880037454294 0.7772564260954722 0.9469436732783225 -0.8709604535438706 0.1953455493099252
-0.718139606760746 -0.5036700707723938 0.902235597960007 -0.6932020149130687 0.15644871810513616
4
0.8997426003761639
0.06977839402417763
-0.15768373231860222
0.09395493400181953