2
None 0.15206855654550133 -0.5404951561729627 -0.6011125622882925
None 0.07565107440587382 0.9552430554617668 -0.314668136206522
3
0.6738877356619895 -0.22907208441093085 0.2922790100298076 -0.48550869008982867 -0.4285638764147195
-0.9504759167254291 0.3101688145359205 0.16946396058553126 0.8582337660623744 -0.8390691685958334
-0.3899966487413864 -0.4168797695958859 -0.16168986723088064 -0.40888975639888603 0.9038607726022005
4
-0.43757663831335813
0.3712810769141428
0.15907984512779638
0.8913162481858232