2
None 0.8557726345994234 0.7445586214807611 0.2598355233436813
None -0.3996822253105856 -0.77990063870949 0.31052481662973985
3
-0.6569080149261832 -0.2854435930778758 0.8231464976500742 0.5594815262181332 -0.19107316309889244
-0.29929107328664495 -0.4644062358578067 0.26459055026199496 0.5543705781267976 0.12693631194707455
0.9713812978380849 0.28509053305337817 -0.934071172418347 -0.19879570730542429 -0.3830333457924482
4
0.041104468292359586
0.7912159898245845
0.5282520822734631
-0.5905453706671624