2
None 0.8786214236747667 -0.8491269047697647 0.667456000696683
None 0.30299142728968054 -0.21604234652907284 0.520155592190868
3
-0.2734270293292691 -0.007861721056609206 -0.28164814353534773 0.6950263809977115 0.9106326641253837
-0.49208912042553665 -0.7273194051670127 0.3142926618611557 -0.9362887971433105 0.7243338099002716
-0.7202235860373438 0.08407663790830622 -0.3681087917710746 -0.45698222738132577 -0.5750770034341983
4
-0.9659374681838411
-0.0987698437156812
-0.24385259539792736
-0.9738230441169242