2
None 0.3948828842084926 0.32630839744297324 0.19502237545265722
None 0.3110576842074535 0.48877047447696986 0.009422242521539781
3
0.7192372072385862 -0.18112334238256267 0.4572024781903101 0.3132686528924953 -0.8243321990524617
-0.6430959747054814 0.8702910613894703 0.4144708816629721 -0.7158335510286464 -0.8956173580978233
0.44382432897489665 -0.9960047074082461 0.15788752106676984 -0.5681206661803471 -0.25447113886068307
4
-0.23300294708163305
-0.34903212864620037
-0.9965191696995761
-0.9433850670618338