2
None -0.8173981074931009 0.12786482149265876 0.5397292533405975
None 0.3219613411172735 0.27862404814268116 0.798965537922611
3
0.9012957062307829 -0.724655530964494 -0.47242861650521717 0.5641713869745966 -0.9849130038177871
-0.6831666110495502 -0.42584228632552157 -0.43934360997087474 0.38690074807375097 -0.8238492054339035
0.7780531051100079 0.8569993389616553 -0.6622203689247672 0.04391143948614884 -0.11724567201735225
4
-0.22194460394225168
-0.334687834527303
0.6724538490749985
-0.9443121625676014