2
None -0.5358519898788903 -0.3906881754267102 -0.38440207992913433
None -0.5470728538487808 0.9531116507730943 -0.35106509605677094
3
-0.19192250829723023 -0.032758773375925365 -0.2057137083732843 -0.8039637225702401 -0.352822000464714
-0.44640170538056667 0.010095465297081496 0.37251428149069543 0.13791174605994594 -0.9415285685491233
0.6249016738917934 0.10846173173483886 0.7172706851797825 -0.18847457687231883 -0.7180085243573933
4
0.9020822805172732
0.21019876596234988
-0.9660199534582732
-0.3518477498841599