2
None 0.9937015651401622 0.6045652415463125 -0.8911610261281309
None 0.2829222371042617 0.7873082867704577 0.9571631056960406
3
-0.7912197633475389 -0.30166492616964535 -0.2879279204002716 0.4123850060820087 -0.3476800916037148
0.1763508475849218 -0.7955088034382591 -0.5324757471930466 -0.3312128511318362 -0.39949109816316697
-0.4352151613203554 -0.7736247906032501 0.8908682230802165 0.09740784438883354 -0.8412010884207943
4
-0.6205619172510239
0.46056049619184414
0.2539753372706852
-0.45894845052134015