2
None 0.8883406976374972 -0.5554808802779903 -0.9401871123799077
None -0.06147042825306759 -0.7645807192327743 -0.7492345390782451
3
-0.3738325642420923 -0.012156021207911483 0.7579654815362504 0.7255012388566859 0.1348644924731739
-0.6511882615831166 0.6900047993763541 -0.018388521991651086 0.5286278812630485 -0.45639155825426947
-0.19693955547200215 -0.922244636473045 0.6420227171327109 -0.5199828192005882 0.3312708190073923
4
0.6291786117049267
-0.3392319794969698
-0.31362749965054393
-0.9964303463178681