2
None 0.17320178887251791 0.43760335255067995 -0.42991256846373127
None 0.3854082655368587 -0.9290143583441826 0.08630502641999938
3
0.07190594977974873 -0.6087506022459157 0.40322543978131 -0.20398997124553397 -0.2727648038180872
0.8757634942095207 -0.7294428675568478 0.16639474778486174 -0.06208470739256344 -0.06257440345994403
0.06529732960265355 -0.8954255795730979 0.7622878760263321 -0.911596405064403 -0.011481874186823893
4
0.823231988646705
0.6730413456887747
0.9300574257212564
-0.30939860571647637