2
None -0.4988138517278864 0.4987000713360701 0.23262907451820314
None 0.2610405175857504 -0.5346092672350284 0.742477833212789
3
0.9983034919270428 0.348793501181329 -0.5137446181062664 0.11772485720646753 -0.08529078083002228
0.8221266212062668 0.8265794586690343 0.6767667413777794 -0.23901742261914238 0.25335815023785635
0.4495282375577767 -0.07238085039455044 0.3412800498673141 0.5443672139033444 0.6677574758807545
4
0.07964454928814435
-0.8850462581488934
0.75570133179535
0.39739598556829714