2
None 0.17584291777858563 0.8814888917344839 0.5620224687945463
None 0.3107434164978633 -0.643445219111362 -0.6690287911100306
3
-0.5770712992661853 0.14130118940725955 0.897546304915825 -0.30638664056044784 -0.5542370869731204
0.1875333126988683 -0.8599480113770137 -0.428400193477789 0.4378274387669907 -0.5353004565733193
0.8046387577152916 -0.06691831812819582 0.04293011963313709 -0.17837680076229145 0.05467791705288261
4
-0.37733779840145387
-0.682833750645506
0.09159428238866218
-0.9852193815820065