2
None 0.3218958818708255 -0.9349366511259158 0.8636934146901596
None -0.13221024931521552 -0.06610115401937988 -0.3839990605966648
3
0.7074744380337694 -0.2488935995747492 0.5580628572827315 -0.6703409104214328 -0.23964964303484426
0.5737698218381853 0.00376606015892178 -0.15113498830791183 0.6513232364670836 0.7823929517529988
-0.039923814886264175 -0.6699888575720903 0.22939519224311455 0.9299406137888544 0.6187094041072101
4
0.9655025780737636
-0.659744395295327
-0.002974285018516376
0.9421026825846379