2
None -0.535025120186982 0.9978907988402821 0.47658561772451624
None -0.03923298619245297 -0.2238115164178991 0.6566189082158118
3
-0.4045859332900157 -0.3898694360432615 0.6720865883913341 0.0759923447406079 -0.8664316926791358
0.16795593677844622 -0.20427492385580148 0.44390998654658365 -0.11651115427471148 -0.8449383411789797
-0.7416096532894785 0.47650572404768265 0.6357258777619841 0.5670793816555371 -0.1533240989043645
4
-0.9237748876963363
0.5656934267733338
0.408222772786353
-0.1579061371012831