2
None 0.7007677688493326 -0.8743779973491972 -0.8137324922309888
None 0.6572279774808198 0.7539156404552194 -0.9082577002655543
3
-0.6697258852184311 0.6333778231083806 -0.24060635894144533 -0.17179955302462413 0.9201655458987075
-0.5508987138569619 -0.6863147954750384 0.7243257962039642 -0.7167347025115338 0.9154965037394387
0.72721482710395 -0.09860816715495879 -0.1904357420934355 0.9356028615273291 -0.5719656429781217
4
0.8533117636171883
0.8691530411862531
-0.21090102919108933
-0.2698159909495077