2
None -0.1775538265098695 0.976836887510635 -0.7250998257815986
None -0.42709385031629044 0.9589197956588973 0.7221829689342645
3
0.7336112811047839 -0.7466299003611276 0.15205823660330475 -0.41502836646158725 -0.8615975349716642
-0.7363563621429452 -0.9443165497097263 -0.44907601798659713 -0.8111021318369596 -0.6633804621231829
-0.8232063900027202 -0.14782737452896932 0.5277890267243923 -0.8254185260326441 -0.23134929970116924
4
-0.5148160058434641
-0.07301057825799084
-0.8306054213362466
0.11394663324042509