2
None 0.3820970173575027 0.9157491295257234 0.03828292466780003
None 0.8573846263289058 -0.48684251986930693 -0.37363450536213194
3
0.21321826569518243 0.9053831566772876 0.9783417959099656 0.1719239220497939 -0.5323595847334017
-0.28092125310015237 -0.49359494691353456 0.8423764545531043 -0.08752163453932593 0.23131925077970994
-0.020466268789351982 0.5000476893340999 -0.26466292873612973 0.02053025937130415 0.33431792900964274
4
-0.5348650246112985
-0.38817331925577836
0.699891353352966
-0.08111635767414449