2
None -0.3856772689982857 0.6588387626275944 0.9475751021459853
None -0.5259126625016921 0.5710048881424392 0.24841938733722513
3
0.09683154962475538 0.5874688647610726 0.8972670648774657 -0.7176753185596274 -0.21983301885206963
-0.2429744865812664 0.8221199743264929 -0.610259231390472 -0.0090767284389901 0.2513509317100424
-0.1486509596290284 0.23188754320241478 -0.5615804646849463 -0.05093718223517918 0.9453501931862718
4
0.761855170213628
-0.7899163657881061
-0.022191353759410726
0.981389908027722