2
None 0.77724104312171 0.8147852691143762 0.07669910724962037
None -0.10101652542430961 -0.9441150696267502 0.6361846241338618
3
-0.05290718344064116 0.8881319395906055 -0.4528652369788859 0.22039894992418563 -0.5735894901245999
0.9937097960727792 -0.18858410828731986 0.10678371882707349 0.3490051030194623 -0.3134503557703796
-0.07516022593278615 -0.7349434894477271 0.04906999771828757 0.7467313130426056 0.13850644674647894
4
-0.7473249521565486
-0.627299769285089
0.6451074110147417
-0.028959359971526988