2
None -0.8875237080783986 0.7995987526381321 0.007956613021945946
None 0.9725773810900424 -0.4789394010809369 0.6669248291441225
3
-0.2273490910186975 0.9732637810725329 -0.3759034985468326 -0.5241011164626423 -0.26994399506307576
-0.5538100408576565 0.44781040808812755 -0.0015114294184372934 0.7386848000234907 0.4380413788686548
-0.528580154611213 -0.8808131111307944 0.3365005189884447 0.8582609558576004 0.6575147766938669
4
0.29886290196388376
-0.9710649981399284
-0.8233792505120567
0.5616629343949846