2
None 0.6801191257013486 0.8399281308212752 -0.7155118113806458
None -0.0680587617664854 0.3882288235104818 0.4621328670888669
3
0.095089999201593 -0.6791617796438889 0.3262573817580505 -0.032464851627607816 -0.14894102800104347
-0.4651453861236807 0.28853032184509786 -0.5821633559626713 -0.7555553159820441 -0.7834710149893034
-0.19345568675386704 0.16567922263907153 0.12351021828332676 -0.478608003114096 -0.9117864085718943
4
-0.7646122041812171
-0.8271919767244116
0.45310197675088904
-0.6432804454771974