2
None -0.6502624503506771 -0.2334240846740563 0.11727915238525788
None -0.8566152500282742 0.34191199838149555 -0.07756021255780343
3
0.7390113614121783 0.6201994361125669 0.857203859680852 -0.7832515895236127 -0.49715868876353286
0.17295602011499467 0.6247802118879899 0.8297136036338655 -0.6532447719818508 0.7624789887463339
-0.1500783470105156 0.6786896269472003 -0.42976359311771173 0.14904862096216265 -0.23068118893232192
4
-0.9067718330256425
0.5305041999507274
-0.32980710693424165
0.26464221476075567