2
None -0.7693608178176397 -0.25173475839454307 -0.08907099387101991
None -0.5165108775413423 -0.43605232158352547 -0.9498769909981217
3
0.21079624863503477 -0.19001689610632555 -0.1493268533167611 0.09586694380289162 0.7544643449744872
0.18994681716945228 -0.9380286056008902 -0.3260002865396141 0.44492968647154574 0.7995340667856525
0.1967587677235314 0.2791954272063255 -0.17983164645248895 0.6220042764642442 0.5607516563720187
4
-0.6127961280346552
0.3247836234302808
0.0049957570437961785
0.8469738892703902