2
None -0.8044255305562134 0.6847301455039283 -0.11322131676818015
None -0.9731214656141449 -0.8704321307677827 -0.46307678547787634
3
0.3811992866884304 -0.5864942184607775 -0.35404785540058814 -0.6293904379030524 -0.801185281877111
-0.06267829010566484 0.5228465130601387 -0.4935449042171527 -0.7154402792515178 -0.7960188917893269
-0.012253837418751079 -0.7639684796670942 0.04575732689189005 0.7031090182543971 -0.787414190104625
4
0.38556405720147824
-0.4227048191728524
-0.6226039990593031
-0.2238204422383394