2
None 0.27712739069807957 -0.21354328229221187 0.2723420217090926
None -0.8846011963521656 0.6515884479287108 -0.2911966956304086
3
-0.6867722958128211 -0.39016777273950476 -0.8272282052835249 -0.20264147043904623 0.19049672317035493
-0.31260091647880817 -0.12901819362899247 0.7398784460670886 0.5882235427150735 0.20002697288015892
-0.9825718407594872 0.8245531751943416 -0.1902664207459157 -0.39646412937857467 -0.14172681884254534
4
-0.57958040236102
0.1659472360259857
-0.9876835819011012
-0.7350941392413968