2
None -0.8006102236963724 0.4505739414085015 -0.5757396947625102
None 0.5039979819285811 0.23951321063190134 0.8805770598055993
3
-0.23568282211590752 -0.8300000657288966 0.3862937716245889 -0.1422980540438752 -0.6567428543039644
-0.13309367939403138 -0.3703522271567292 -0.6857633638410692 -0.8360379429217049 0.013196124262565778
-0.39807520520398887 -0.18641121491755186 0.05261718695686901 0.7792198261968568 0.6939845616533511
4
0.6458450411899495
-0.19309304057277155
0.6085136608509654
-0.9111380998615777