2
None 0.5796039709317136 0.43020053282007686 -0.31312199922562467
None -0.4449492226381626 0.3830607389012577 -0.8802348275131455
3
-0.16596473417125712 0.3718027670629709 -0.6615500621356503 -0.9289511167314697 0.5568825228534491
0.1894941941580801 0.22307822791865917 -0.1049026494015759 0.7866616114318321 0.2144191246169327
-0.3570262279451948 0.398007385597434 -0.01788196652052343 0.39276139951750544 -0.7679252017407117
4
-0.1971904230024606
-0.21019998918435978
0.04084534596368261
0.9701356097816793