2
None 0.853777335456325 0.6220853270241289 0.8455107953419894
None -0.8155517677223407 0.2989018487132651 -0.3352539021169385
3
-0.8134029565071563 -0.9262703007501816 0.24447157004142062 0.06428705134818169 0.5645086919284787
0.8423414405778695 0.4442708206541257 0.06629295497718113 -0.26901879186346744 0.5174304238213385
0.7360856187345881 0.584282550997687 -0.7211556256718847 -0.9263554957846754 -0.3916879223987604
4
-0.9077803053695217
0.4259281975648772
-0.9069898880547076
-0.4682605858983424