2
None 0.3601052978628858 0.2262905088109144 -0.9627639057512503
None -0.11659551132281076 -0.36463992644975285 -0.7512174644466814
3
0.9697973644846063 -0.9688788755815894 -0.7043835518422834 -0.5192915002591192 0.10763960532422456
0.0173486508159979 -0.16872238728283695 -0.6226138142472992 0.4529145201368163 -0.9132211214685548
0.2571284550024864 -0.30181071920015645 -0.06888537421564744 0.46323928287826255 0.2987473591848364
4
-0.23373657467433717
-0.7891343165962221
-0.29476674798521785
0.5109957857212419