2
None 0.8462052170320886 -0.2480723233120412 -0.7301223613955716
None 0.42431281304978286 0.6321445782272965 0.9613322065784984
3
-0.6439059456668912 -0.2121261354615367 -0.09882183464915206 0.12054768289368267 0.28996057432413935
-0.7648081733604144 0.4216688209790693 0.6572103901704252 -0.8336568378579476 -0.20995092515286795
-0.6680836841603157 0.14688574919766495 0.5999856162785968 0.8673639932502086 -0.9016534387022863
4
-0.13685364612255735
0.5096003595510736
0.4997976685179646
0.574781263977195