2
None 0.25304039596315775 -0.12071559147263544 -0.546954245059897
None 0.9689431772395654 0.6950876412127289 -0.907967817464665
3
0.5309919292916148 0.7988195608285613 -0.5699939869594475 -0.8025429670583992 -0.5319710065271028
-0.5572015556973879 -0.9502772688604604 0.019121253331768395 -0.5191986442708438 0.549682122691048
-0.41773166145289764 0.12257277408369616 0.2121615090125184 -0.9391768109769034 -0.9487931637142624
4
0.2625503207932396
-0.2502600039780525
-0.03929608621136538
0.2038905063874521