2
None -0.9313028344352607 0.5842793997786926 -0.513099123268179
None -0.6056169271069292 -0.489334011482109 0.6516462853718956
3
0.9713371873197612 0.4009004314369182 0.6123036141833098 0.8776734220936298 0.9945649135963597
-0.7498468275884731 -0.024174838489507078 -0.6139534755178415 0.7753260440386065 -0.8998854903604547
-0.2307650226495943 0.37172854197164074 0.16297721478223925 0.782759780847222 0.34475904127157975
4
-0.765497649286697
0.6166362718010725
-0.0995903115748149
-0.15136828295254467