2
None -0.5173158316166733 -0.6870261232941479 -0.49614824783671563
None -0.3767668005756004 -0.10730985388739289 -0.8474750457845845
3
-0.18438101160526732 -0.6517170759438393 -0.9698581681519183 -0.26794559673985496 0.5967670293954754
-0.9734421785043357 0.8584990564987569 0.04164600481703706 0.21880875826324986 -0.3409471439928975
-0.5437070475937336 -0.7300159355421061 0.3891889678450937 -0.15978502637205705 -0.5393418613836927
4
-0.45135708920373707
-0.6956305739132069
0.434555046061341
0.0758961500691564