2
None 0.44296040338025255 0.32418789054960206 0.2484451938007708
None 0.5725654834286569 -0.2750222448342259 -0.8576939054850183
3
-0.40941078700196676 -0.4908344646643876 0.7253998207794199 0.4030616523297459 -0.22067717816756516
-0.9267637198876113 0.06878333752788457 -0.2636925156971448 -0.03902694287583808 -0.7398867419092865
0.7024579473305419 -0.3617613137316471 -0.5529468713771979 -0.07952144496202385 0.5315739803677122
4
0.6401197469400635
-0.973066381672345
0.42172205440649524
0.12992536680587885