2
None -0.4847503760965661 0.26684615170082226 0.3432641389353499
None -0.17988339472687342 -0.5941658182990575 0.5703640619694708
3
-0.21206490969149194 0.8956209445840848 0.5227164994319049 0.6991643507545275 0.7733458305265581
0.932016940294117 -0.4898799133345282 0.44971999121731554 0.9857788959479239 -0.9489426248247339
0.2856404109864963 0.9822916590869732 -0.8859883732436118 -0.676896628624104 0.8678347902244059
4
0.788965410821111
0.3370550193448738
-0.16957292766933962
0.8504623258999688