2
None 0.9415549003490615 -0.16501735678420837 0.3075160788823845
None 0.34256467733753504 0.49585716547555236 0.18923804756090545
3
0.5206130154924711 0.2759288817340697 -0.5382116927375382 -0.042781241845065265 -0.14720588471663199
0.4306353323215226 -0.4482569778221974 -0.9452958084363048 0.4718311469587704 0.3300962601867483
-0.9288110216822352 -0.12840136478235653 -0.9568510255630387 -0.5796550298031413 0.5837936423954273
4
-0.03324920522614283
-0.6418084047451007
0.8918413434799599
0.49236314297573136