2
None 0.039587763762839456 0.4077080194294955 -0.2410704353849562
None 0.519052441839855 -0.3520126744602641 0.19049833402418392
3
-0.0031861677470907956 0.8199806238397676 -0.975007684713898 0.10185192000618182 0.5618247263104201
-0.17204593946287106 0.28367310603240314 0.6663060292381495 -0.012805714844132288 -0.1725403951170299
-0.20202235636751276 0.6334646413376477 0.5459425317640205 0.922420501983267 -0.2978114055543386
4
-0.41096455511956376
0.10737206390218668
0.7989306748747407
0.8307339437777892