2
None 0.7515446906023944 0.1487605013661617 -0.391964078502288
None 0.5485089866314246 -0.32262867683561636 -0.6157846744763338
3
0.8746449117198143 -0.40211400592737334 0.6435694359155459 -0.5106748707585367 -0.10613648872349879
0.09161387479343386 0.7868190387636638 -0.11627621031484359 0.4392504375329458 -0.7628281745288192
0.7606977074826429 -0.5856246607075157 -0.6671114717260935 -0.8650610412384456 0.28760018358830064
4
0.5684403890707079
0.5578365258574218
-0.6996046326804404
0.49880560277699915