2
None 0.754339771928145 -0.2956784781738999 0.23084689656280455
None -0.4905387994821093 0.9532365598735146 0.12530729019924314
3
0.45143924364328836 0.1491622402368038 0.8307589604268328 -0.21673203705999255 0.9283746235384904
-0.9718950491514402 0.8254568964543536 -0.3159415540537691 0.3625699192908569 -0.9874488117970348
0.07353571597637787 0.2651809246752359 -0.043835033052560535 0.4898657695430917 0.6272783639764834
4
0.13936815470824238
-0.5323339603549968
-0.4012548774708784
0.4174687902183385