2
None 0.6941497699515262 -0.8219129232834212 -0.13387271962529002
None 0.9568000844757028 -0.3562411519307751 0.9499601530506996
3
0.19691501510614962 -0.675330321093546 -0.18381324608687533 -0.44925000682630456 0.15929855492325729
-0.053935828060931 0.08821234609810835 0.929853100425784 0.5033650553846036 0.4980191877018336
-0.7517880638350587 -0.07727220417130787 0.3227104091831885 0.2181588105138148 0.6146423249803441
4
0.1899992948492628
-0.17322775845485583
0.5773843801413785
-0.04286497649102117