2
None 0.4018930426471359 0.7926557350242047 0.5042218443112612
None 0.7003954289194729 0.6357911320057017 0.9924812849901252
3
0.4721531960947498 0.2633933364982399 0.3530055576830211 0.6294300067426597 0.7203842815126367
-0.36558290363819657 0.7799958418106776 0.23701088133335335 -0.3779464760710125 0.26335082455855807
-0.26763210810111326 0.34187648635607726 0.7528839821378008 -0.6102623630616864 -0.9398980292115668
4
-0.8965162215738822
0.25157175715232327
-0.917277923382573
0.10659812697613669