2
None -0.2656141173833919 -0.8777580948557497 0.9334898121066162
None 0.8650717588054126 0.3304071221970337 -0.7337291084341475
3
0.30225522413593175 -0.20419900620685838 0.7541454603822029 0.22351426059475488 -0.7859207754587096
0.5235441182908267 -0.3931404502863398 -0.7556878239671612 0.5410619100701066 0.4437643315190203
-0.9199917584354091 -0.32023765532961423 -0.44113415466524697 0.35249388563324424 -0.17327898460966495
4
-0.2041593933710213
-0.753784751721039
0.8093682535784115
0.09691893064987211