2
None 0.4968511360753365 0.4392299899551515 -0.4870277300252499
None -0.3138949866595744 0.37595367067988006 -0.3493009132026814
3
0.9270519108389748 -0.7776569455738656 -0.7926301471917809 0.19554889381047325 -0.5216570428534624
-0.6441303912488463 0.4766803019283212 -0.9535678481035703 -0.9461902497173234 0.9166754913740984
-0.6636808347598142 0.18046562691622814 -0.0026636036879144065 -0.7575097934366191 0.428301678083598
4
0.2919370259418146
-0.9145415239956523
0.3469223792949674
-0.7416346573602985