2
None -0.2575658005488486 0.5499103310030977 -0.20052815382959666
None -0.9132644868523123 0.3358235285807212 -0.7752270360145466
3
-0.1373864057169496 0.9795046183017289 0.8074066183976916 0.18864567404007482 0.41878149742556214
-0.07424705617727656 0.1814482376192137 0.19978481167538265 0.2805222740053499 0.3374351653228984
-0.9870148504086085 0.7443178006645903 0.3961570720531704 -0.5862207403507251 -0.5405441735478098
4
0.462064572730172
0.006094169186596998
0.9204864329593594
-0.5195514231206178