2
None -0.3210907710871751 0.8807331345471143 -0.3499369848567928
None 0.42147678002277944 -0.23690334995838347 0.07792192227695982
3
-0.42443701737368933 -0.48754971774722944 -0.41528279768440224 -0.7527446945461564 -0.478548066447277
0.6846519656280103 0.13887103589420868 0.6583542299080396 -0.4915456102719098 0.850807577846878
-0.04240413868679238 0.16858594724894438 -0.24226818651755666 -0.02807400486277878 0.7065970312456402
4
0.02445089198171191
0.7728947623786058
0.9792341988591169
0.9637355680570643