2
None -0.7610472598558096 0.7430540213169032 0.45077404485391503
None 0.28191844799818555 0.69978047300068 0.9463592497258675
3
-0.1464243722637164 -0.39753834126824383 -0.7024889645091759 -0.8599451365948438 0.6946550449276172
0.9231641786798752 0.04701012434833962 0.9990871590655657 -0.9687171362841307 0.5214018996709926
-0.8607441862609322 0.9823730597220555 0.11472412307965119 -0.47421976990572423 -0.7746633551164663
4
0.4000488104713349
-0.8784024584790906
0.8947405443324525
-0.5931499422673217