2
None 0.296282437238651 -0.8712440008262241 0.15432187740037961
None 0.8748642041611379 0.37621663689425167 0.14030696990323288
3
-0.8460942310414461 0.997021523124846 0.5010530767314567 0.9809168826320342 -0.46055127178439825
0.4877160864708556 0.8087084641646829 -0.9464717352466538 -0.5878995665618878 0.7976832025757685
-0.7981798503641568 -0.5857394104351643 0.42983620222867436 -0.06178255474379468 -0.3145262119003973
4
-0.4284953405819587
-0.8865107014140474
0.014111571820368596
0.3835685044010666