2
None -0.0720600871192858 0.14536288579909473 0.6734028078917118
None -0.6139536076122594 -0.49076684703274 -0.24806687540244088
3
-0.8940448513758739 -0.8617411677585809 -0.2505646103467001 0.3026899696542382 -0.15980597366139815
-0.11234873608179963 -0.4287032972943041 0.25121833984043884 -0.9707177912767311 -0.2571471723390144
-0.8224609428593102 0.7028725190364753 0.6588185410702831 0.7482984319445602 -0.714122055701943
4
-0.8498338391433566
0.009213419409865864
-0.2849393860989551
0.938626407833371