2
None 0.33428791538113267 0.025752893430841084 -0.38657799982874397
None -0.043281820506522184 0.4933068159978262 -0.18903435199587992
3
-0.22259511128869214 0.5121538710069673 0.3600112125465662 -0.9214269988587289 -0.6436482561573749
-0.12052744660996795 0.7050745800654077 0.1808691286894284 0.7034450296723431 -0.3433817773685057
0.5736572182350839 0.9497211718878069 0.5446506328019391 -0.4235121344250319 0.04196378488435171
4
-0.6245293661861595
0.7753378812602234
0.34938612601471775
0.7533077612231329