2
None -0.09177719509566096 0.9607070118802716 -0.10938771840995365
None 0.48701950186127707 -0.10758826096288998 0.7346563908295649
3
0.7816818214592007 -0.3599244056199231 -0.009065693890299098 0.7936166132061127 -0.3980364491325954
-0.9853094491428047 -0.6081476747460623 0.29767530547491505 0.9338746678527792 -0.3453821424591288
0.3742270395496585 0.46039149921158606 0.2100341656732847 0.6429414059972185 0.5303874417326511
4
-0.2301262759573759
0.1264444649665668
0.5687858785496271
-0.7877960577351082