2
None 0.10635615400850407 0.933924275429008 0.3605200197593925
None -0.9701282648048137 -0.330083189756613 0.07897184262504675
3
-0.44989113965562755 -0.1560148006856168 -0.47717795726917256 -0.2926243797457304 -0.5557216656363733
0.7232363131955342 0.07600998612791776 -0.501500135972208 -0.053698235585727616 -0.26922537050345285
-0.1829650185047107 0.4611699460479015 -0.5564084759250991 0.422530106560441 0.45634596182172027
4
0.6372994274360231
-0.12332508110746754
0.13773281389742964
-0.9517842037440238