2
None -0.12080139247499178 0.8391821932444605 -0.05821466649640894
None -0.8296542848854824 -0.6807580237506126 -0.19746399988937435
3
0.528818083201605 -0.09092525868916024 0.2890041500365219 -0.17670469274190848 -0.3352399670296453
0.15995288708940136 0.8574838127855926 -0.5978634045084981 0.3070499455992868 0.65646855836482
-0.4037355656268595 0.12244977425378445 0.1986439309745025 -0.44914373466316704 -0.019605434479144312
4
0.030284298006088894
-0.7195173968105213
-0.9845089568452823
0.12312583571050206