2
None -0.18061710087592941 0.4759191161456011 0.48478508509153606
None -0.8692682432161147 0.6307663945558604 -0.35911743111406524
3
-0.5567910549643922 0.9815916452204436 0.2871901966232293 -0.0055512774197590264 0.49665593021538723
-0.26569300603795654 0.5229642229101366 -0.4127947868119719 0.3169694636903593 -0.8710493154406862
0.46563859850092837 -0.9820025225646065 0.37855165366413135 -0.5385656346690535 -0.31620795916252775
4
-0.8342117972910021
-0.9253625939241603
0.6352738201725283
0.13925784059919577