2
None 0.3550540383903693 0.11109088615491469 -0.9385765418697205
None -0.2932913951142604 0.5640086854883273 0.2718453206149274
3
0.7818116349828887 -0.9093238389862786 -0.14513035607569447 -0.5305173691649681 -0.7273867959716682
0.6856411194471492 -0.42703550808618784 -0.7215687676864326 0.04642131694811735 -0.8106297826104634
-0.7240497068804432 -0.2254532052980831 0.00516775589126417 -0.8460810155642013 0.10000099701733811
4
-0.33309066375361396
0.2280277084396014
-0.5959151160693452
0.4133269303311271