2
None -0.22981700876404676 -0.06992252730975346 -0.0029377795798608553
None 0.04145098139719661 -0.09717013194122326 0.42716140667366864
3
-0.03182339577193671 -0.10079491784702532 -0.16847308135428207 0.40364854321360344 0.9898164988158378
0.051087073116676596 -0.14812300250431631 -0.9355051999582045 0.18746575644592411 0.6028257474750263
-0.2541376394053527 -0.022040355699003866 -0.10563725063709795 0.9837818547606261 0.892930106899259
4
0.5541448198780066
0.9920546785217577
0.313818090171051
-0.010423700641694289