2
None 0.1428011332476975 0.5277183942015025 -0.49845693110186806
None 0.20392326585465503 0.5632265697465948 0.952259408816551
3
0.06471442045789977 0.9876901679889758 0.20608694482699597 0.5189887089379983 -0.34267557783037783
0.0853479193838651 -0.9450434041539351 0.8752350367610242 0.6280017888144935 0.043403870647606535
0.898882354159394 -0.8790209763328121 0.22137062625084836 0.8075560884776007 0.5315680862541863
4
0.25800575624635336
-0.8356994589763447
0.4713417671582396
-0.8721009700440174