2
None -0.426215956408859 -0.713275293802694 0.6895863466475118
None 0.1555747646723502 0.7593668439344463 -0.4845018859419292
3
-0.356152824566238 -0.4140424280791257 -0.2454316153771705 0.9377909853955986 -0.8465027906095879
0.13527923691987565 -0.5107273959290011 0.5224101622720483 0.8626360446946353 -0.5783803542643831
-0.6697357090962421 -0.25192690108393334 0.250218242385686 0.09599343460905474 0.3233295322378624
4
0.066780123477026
0.7980787128629967
-0.5385080827367736
0.6865170270971339