2
None -0.4042357912435617 0.8811948138845798 -0.82892784296301
None 0.5004428762176867 -0.4963017511916956 0.5225815200018868
3
0.46945769747846255 0.20851105877020903 0.5078016925966522 0.0968744279737781 -0.5490725216363075
-0.5569037156724572 -0.282326148176133 -0.5412786163059864 -0.971021220421967 0.0044164021830570555
-0.5007244716563304 0.4216239988802799 -0.5395722272674266 0.04276651582934088 0.78931431184373
4
0.34915024489493063
0.6074548626885028
0.9287116007385241
0.8776260441121828