2
None -0.16080713483774423 -0.3732227332518041 -0.6194094907580399
None 0.5334831392278587 0.038294022777683345 0.3646352105173387
3
-0.39631912074432973 -0.5691369323589608 0.7998075047196052 -0.48252971352007945 0.15750521742250712
0.7541732288215635 0.43449258275392477 -0.28149301804607973 -0.8511012294152374 0.3293938903269049
0.45340134999568726 -0.2078698363632152 0.7555709824601973 0.2920708102394671 0.06800909890900364
4
0.9626158299269603
-0.4837439875392162
0.33975495700660496
-0.7686824712023776