2
None -0.6521401874541746 -0.5637706659760733 0.03367424345801595
None 0.7224736005033507 -0.1533307083313813 -0.9667495341300312
3
0.652048827940678 0.8351920509332569 -0.6186973773251676 0.14984987572245112 -0.8085743886986927
-0.9485387143464645 0.2108708443596503 -0.5980411088094293 -0.10560072684495436 -0.9806239406735027
0.6146334354643281 -0.4255046334355741 -0.042424367754953396 0.5429470731546508 0.3097705272065032
4
-0.45363670173217585
0.745402525799397
-0.9440377216031808
-0.2365875807842519