2
None -0.8657443121473307 0.07533871648449142 0.2823582919070309
None -0.6784950461024317 0.7452773687955423 -0.7616108562914818
3
-0.018194031791147758 0.6388980100300321 -0.6630720869578937 -0.36128740211732135 0.7351634166065317
0.269755163063532 0.12901893116910923 0.009033457221273355 -0.6385663599671207 0.23877540824983212
0.4335123867733566 0.3384700288785467 0.7079917092240611 0.5310195932744408 -0.3493961670023711
4
-0.47986798980089374
0.4595313288333085
0.1935458883823291
-0.36461019243535775