2
None -0.6754661411041534 0.713713069183153 -0.6877348674578418
None 0.04716187590015686 -0.34667012904452266 0.2942916572659786
3
0.20544069093618522 -0.3584623290562381 0.06606061556068576 0.2360118194274805 0.8246641797554861
-0.6031254270517883 -0.3301948493901825 -0.9619812536018124 -0.951459303100316 -0.1648638792915882
0.35391825548805533 0.6794298809537711 -0.3967463940334133 0.20893232248169458 -0.6421777822545529
4
0.062389514889325204
-0.9503590624800418
-0.506736949021579
0.08922825066472972