2
None -0.10014856851662435 -0.8663494423186138 -0.2863333076656096
None 0.6416544382875422 0.16705217329360744 0.31604901649725137
3
0.2158994555407261 0.9302323222044753 0.46866045965023284 0.12436385058213029 0.015398669811277799
0.6818585829050519 0.1212168051861986 0.29350668081550957 -0.024717352936034276 -0.8345253033603917
-0.9911747522313605 -0.17747576757938943 -0.4940008159516407 0.1708518480988621 0.15016385012116196
4
0.13666908816242085
-0.7070659842833305
-0.5942929120391709
0.2994661300266961