2
None -0.695787084624742 -0.16598844517026845 -0.49520178397721604
None 0.6180396914892143 0.12439214771513174 0.682853572936567
3
0.5308148218948794 0.3719577508773304 0.9493965212511499 -0.40715604496479996 -0.7731165676276455
0.9540480169115519 -0.27033121215371514 0.6808775098173863 -0.23055186609815626 -0.8305846920667213
0.18935417543210442 -0.6042740614832589 0.9777212349729656 -0.2119440561360979 -0.9626951006884652
4
0.3208351942425607
-0.03619154501795396
0.7100380281441359
0.7552834218010485