2
None 0.6714201973186846 0.09716530306855753 0.8205746583732139
None -0.16323413888840554 -0.6047179153987181 -0.3155741490953512
3
-0.43239035670270987 0.006865930454786673 -0.47327956024470086 -0.8118460789318365 0.5883715271976582
0.6856409913552577 -0.3091340179034341 0.8363408875076586 -0.022969337511123955 0.4043134789269909
0.5783264379885267 -0.4777723791441908 -0.14964307430247414 -0.21566478968166236 -0.8123232499858317
4
0.6794845200279966
0.7023115910575082
-0.8763394844761612
0.9088059640142581