2
None 0.9267637358386023 -0.9888369476696981 -0.016972896954151606
None -0.09635069367003735 0.2404484594165195 0.597755356876136
3
-0.7096736388975127 -0.13954219895054987 -0.4749054811308022 0.2686857765989059 0.8647429733866825
0.47332037223613255 -0.8842977761577906 -0.11483459145709585 -0.5565346535484326 -0.6200075480662786
-0.7408087856115324 -0.08598586197869662 -0.37421151292066135 0.16487086544578244 0.6721199591883915
4
0.8771878760900553
-0.9256603356512876
-0.28491449569138294
0.8335060779324037