2
None -0.3924910633171206 0.8061822169544133 -0.20597998154302255
None 0.7503917980454542 -0.45383732476308203 0.4199741846092162
3
0.5300690549649456 -0.3144066048940355 0.0111452466732056 -0.46684858720345446 -0.9704107989405495
0.7172235678592875 -0.39319612764118417 -0.6872958818789259 0.11998543356581504 -0.0644793055250259
0.15485090236790344 -0.7583188896071007 -0.16644710490202397 0.401032867800595 0.7004799369283423
4
-0.824096033892588
0.28551807200496926
-0.3119698683601184
-0.2925861340098239