2
None -0.21869152106081735 0.7032821964756517 -0.6660530295840319
None 0.8938898537405267 0.2731669143210689 -0.4984383319571606
3
-0.4186148270583505 -0.8044541190363796 -0.7128525578329772 0.4689963145295557 -0.4427412603123182
-0.1185841653424049 -0.7187024075458566 0.08652027006423535 -0.14595350678837038 0.036246589187139744
-0.09398059906946599 0.7174323152941011 0.7872458329854615 -0.4759529386326471 0.21136868422617106
4
-0.10627232946168608
0.9713874749590325
-0.33901120909997773
-0.8956066662488038