2
None 0.5748887591487426 -0.8215591730752507 -0.773886711329469
None -0.980030180293384 0.2384202008993208 -0.793557587816702
3
0.7502224887726077 0.7597345151015569 -0.35213533283211684 0.06163473176526346 0.44255112625637083
0.14183188319401596 -0.9098074715167057 0.39349438988831587 0.3966201565629368 -0.7231767984854138
0.4702459532081191 0.30353858236983955 0.7906176907071745 0.09612836813017522 -0.08262019691887046
4
-0.7892572862611626
-0.45198115013991425
-0.7135754057268673
-0.9530104889412683