2
None 0.021119273016039664 -0.9907877211296443 0.022339528327182556
None 0.09373215488833986 0.4055736602143498 0.8379721496029904
3
0.32641302215217993 0.8069041325886346 -0.10864579761070203 0.23563723862059027 -0.17560551552777293
-0.631090342982431 -0.40402554103709987 0.19580767970703472 -0.416217932848558 -0.9637657557790253
-0.5634675458934917 -0.5678618490695513 -0.5490506028082494 -0.7650230399736679 -0.3400960312897874
4
0.47033526736466613
0.20275056857333507
0.9484616830795327
0.9422153283384915