2
None 0.21248332792895663 -0.7837450554272458 0.4311185485283202
None -0.0794633822271198 -0.5190837636722845 -0.537334128088828
3
0.308686342029713 -0.1316456107783024 -0.20997197264711187 -0.5123098362616256 0.4077240276061267
0.5853247266052142 -0.2002338102625547 -0.7816756416491475 0.9287336161707198 0.2100033000267516
-0.9232495189133543 -0.035039657037881033 -0.6289438096033004 -0.08559763372970086 0.1578897063826017
4
0.7347743723623474
-0.8959704249237843
0.9931736354288132
0.01989797189452691