2
None -0.9988348818784862 -0.9306608135258803 0.9485337496250075
None -0.9796812679180826 0.09364982615544548 0.2590374403238511
3
-0.2425114908491368 0.13207198303074996 0.7269958992065619 0.8517461589483728 -0.33717524883645056
0.05267446512092766 -0.6287469704109032 0.834321230632568 -0.4003733926761943 -0.8210062487105856
0.5144427749235114 0.302586073420666 0.3132039945912719 0.590061260641555 -0.10001824319742325
4
0.9556771041348007
-0.5244718982624912
-0.5636259995669661
0.4889752207441562