2
None 0.9391477711021903 0.14518405486778652 0.7159833260585295
None 0.48146579522844 -0.622593856510069 -0.3111078127212097
3
0.6655116008753319 0.6085747538009929 -0.7492295718653721 -0.9224211719787851 -0.30323025525453273
-0.38984186589294434 0.8556528689309504 0.9103110029099497 -0.5919172082046575 -0.3434805413859032
-0.12475337470196668 -0.7749669102490588 0.35117802483969074 0.4532539256575474 0.9085163444781057
4
-0.027572187700491524
-0.2744175509967812
0.8536673584545489
-0.5797949918919401