2
None 0.25203027082652896 0.669409558358639 0.41187488174883646
None -0.2182775776293826 -0.40717581693393967 -0.8185843209011332
3
0.5913855936051815 0.4791185960031714 -0.5636589300615815 0.41320005823315564 -0.2357162191983886
-0.4533220724648166 -0.5091544944233326 0.703488185596659 -0.593128567174674 -0.9255721168776214
-0.6525948643087611 -0.6073917941338423 -0.6782870676059751 0.5048442075797017 -0.3711816272788926
4
0.2171988769294333
-0.08525570611716304
0.9188542688577659
0.5756582443950395