2
None -0.34259772584801573 0.8781310196515055 -0.07516482976244232
None -0.23309359491678716 0.6148866666498356 -0.8453115177272734
3
-0.18572055120324116 0.046140869369942106 0.4141066370828772 -0.07738093874831753 0.039344863014134424
0.8942591097771975 0.15701516484083022 0.9063866833646537 0.9316358256576249 -0.8388094043179464
-0.6441495297568334 0.9574218499074159 -0.9194147103440211 0.4518361289315074 0.03680696157142305
4
0.4076019760333214
-0.7865762239548679
-0.8054238072951898
-0.42548736957799016