2
None -0.6113808207309985 -0.0071431129028647344 -0.15496274380321817
None 0.062068168572704474 -0.855748192638192 -0.5164652931658877
3
0.7991291053639868 -0.881604485530632 -0.5513885101709615 -0.9620084897555023 0.33065324014403163
-0.48737411892338 -0.676557172787704 -0.2759380415533135 -0.6746135047079844 0.6617590609284731
-0.005138851410014134 -0.8660307622565886 0.370317944885622 0.10266161598541923 -0.0072033759181311385
4
0.39383676091401565
-0.2751820997698766
-0.7275071759758971
0.49825381817778047