2
None 0.6502094359923909 0.7832255880779244 -0.7952795903365228
None 0.34122465698226634 0.289497691300868 -0.9087104353026698
3
-0.4773622561744566 0.8009955935826132 -0.9928998657391586 -0.8302560066087186 0.06504275576442464
0.9844639335232108 0.7615119790344174 0.44825732727922807 0.01573113369955892 -0.04170568066715363
0.3213971508232405 -0.4125905178330973 0.5764282012785551 0.18272059957697628 0.6814539750936164
4
0.6286900332769043
0.4969030629947109
-0.22545402229443368
-0.9844305525905896