2
None 0.25586403801094426 -0.0042556623324954135 -0.922166674577005
None 0.9381384271026842 0.3821366962930066 -0.039299528760212254
3
0.5689018745116428 0.4190149793114457 -0.9992582974515869 0.11931684720392344 0.9962854945530322
-0.997488586757945 0.27540875368820283 0.2319296298937792 -0.2425226587309719 -0.30477837427209953
0.7952882253944094 0.8804247420419558 -0.5254475885324505 -0.6864777079003093 -0.3311819086945831
4
0.02833731538185602
0.5400511232349028
0.12042247833349462
0.7614966747572287