2
None -0.5106027706873841 0.5568737203882512 -0.8040409777945698
None 0.497498784521921 0.8578012932702803 -0.3707695145863583
3
0.5970439568430588 -0.6928663189068669 0.12036162267081907 -0.5686440897581988 -0.8312405912231597
0.40380113448863963 -0.012164282102357982 -0.10900875089295226 -0.7183883136096156 -0.06888457019983085
0.04393737626625427 -0.335144929081435 0.9835180822877003 0.6166857193479778 -0.9792133725673715
4
0.727099768080895
-0.019290500968400126
-0.031241611142208026
-0.9914158094609