2
None 0.5536182736948034 -0.5564470871689646 0.1124905809574952
None 0.4287434621142441 -0.5710769032560714 0.2294470397910593
3
-0.9854170455803721 0.7865635446673076 -0.5329573717591389 0.6432085568756427 -0.5522979238269463
0.7517565547823977 0.3599675846280779 0.4879184843261479 0.5158688470583694 -0.43294140857052965
0.08525037338937103 0.3333942631264055 -0.11791558230632937 0.4491304383164543 -0.44182631085929747
4
0.12569304050908392
0.7301949896411364
-0.813265857926956
-0.6788845247846964