2
None -0.13652644227636013 -0.13600689566387691 0.7493074363449972
None -0.38784308725604655 0.046554299423650525 -0.5559744799355999
3
0.9084461094485683 0.008504709661532495 -0.9958388372169555 -0.39314680017424175 0.5301440032957365
0.9561182034908753 -0.24837362471004165 0.09173578555209394 0.1577204449178451 -0.09423254838041872
0.4639462351503285 -0.8300953254737113 -0.01256365647894353 -0.2942973134056539 0.7542148057891889
4
0.364036597974547
-0.6533738203593868
-0.06099259550516445
0.1609209908189142