2
None -0.4310770371185535 -0.4833225790428899 -0.7730017136309619
None -0.46954070433566764 0.43309009376253793 -0.07406876425600162
3
0.22995365297955117 0.6453147721401173 -0.013769262766338164 0.0016093848375793307 -0.05868650733351233
0.26189438820270516 -0.6916887688442994 -0.6416032042013047 0.3839498447994285 -0.21680553725844742
0.4145797378284326 -0.3561485091262959 -0.39213212604987957 0.04111008131176419 -0.31405119325779873
4
0.36031362506182796
0.4227558421040989
-0.4978194430076852
-0.7687442388664558