2
None -0.550263928796942 -0.6656988345917871 0.5064226310749551
None -0.052614772687059164 -0.7330798242763685 0.7625153170912584
3
-0.27990546437074904 -0.40254780355431485 0.6621519490343588 0.9243592572437824 0.5536533753991744
-0.5683343022199852 -0.31379235574820785 0.28772778529276555 -0.7420673011456245 0.6357888760364367
0.6919849424302176 0.6435093188828891 -0.6315112019246492 -0.9577682207126033 0.915733407476172
4
0.27679902510668564
0.8058213209554332
0.38631193331628455
-0.7845157161504799