2
None -0.5186002460183268 -0.2351138317607422 -0.24830460847636382
None 0.19734167699068994 -0.8589890880670918 -0.3798446757580003
3
-0.05247551948834195 0.06176740841052197 0.650582494614337 -0.8435309061498866 0.5063796635609235
-0.21484895251758251 0.3273875224991296 0.968406155576871 0.09563823943139216 -0.5593940893022518
0.18699183737177028 -0.4662685459466456 -0.3383148884360201 0.462674113728359 0.6813750113960177
4
0.8064088973383705
0.12633829977314792
0.37994296290330465
0.6911261768053392