2
None 0.5524523877991634 0.4941235864949389 0.03049434817510477
None 0.21448978621568227 -0.8028843758787976 0.7233120600632501
3
-0.15288804402525913 0.57090245046301 0.4724526432480296 -0.9705552438344236 0.4274499491300745
-0.8477860936975141 -0.00016607977614691016 -0.3259093085119018 0.7059315933604673 -0.010316530777659372
-0.507152752250466 0.22813301985468737 0.9058698299661962 0.14321889760350914 0.8441382235589028
4
0.37768265439228577
-0.45593191075914263
0.34939082895256046
0.91832142426692