2
None -0.22811823232894812 -0.19076120497803073 -0.6345774431555906
None -0.15391913992007744 0.21356598336688593 0.35239520352797826
3
-0.12124477075604756 -0.4211856135224452 0.4686053646073143 -0.3861940349598352 -0.24126103472163218
-0.5893987343033231 0.6402570619330885 0.2547745605684941 -0.4072499270221248 0.41125837372910334
-0.5596674360448242 0.8493190761648088 0.5852476138344074 -0.11900289761104799 -0.6128970149064474
4
0.7819883856333967
-0.41730687649252984
0.03623644131170112
-0.2655637518617109