2
None -0.8933332189277996 0.8175756649729251 0.7049732748541111
None 0.9627855383756401 0.0681531857762323 -0.39410354116238655
3
-0.0017911807993977735 0.06216824768252649 -0.6283984091548236 0.1638811578571875 0.3953610296816743
-0.7307434422675883 -0.9296768088241685 0.746296192857901 0.22609563390800358 -0.6180341084017593
0.8516071647824186 0.010808219462226543 0.9678648635072107 0.02399847271022293 0.4903176648089287
4
-0.7958186324214291
-0.08035246420059527
0.03312586407179485
-0.07495688179446369