2
None 0.7928990956513748 0.4862741841610838 -0.8060035747962007
None -0.964073873827956 -0.7938138131923653 0.12900484823225633
3
0.43896805401444117 -0.5985448468569872 -0.9097662182307777 0.9039142413977237 0.29392473693411536
-0.9239927164531421 0.5842877664346788 -0.38550650637532335 0.9639581236270136 -0.8962417393386608
-0.27038621984208167 -0.0036777867513759777 0.019364251841549107 -0.6413370333964643 -0.6600694401459619
4
-0.5025300809090187
0.6373650482200537
-0.4954460070507283
-0.29910525018186784