2
None -0.07281543122360756 0.5781378093290082 0.28618053572583935
None 0.006448050407718675 -0.8557527694662115 -0.7425312616325637
3
-0.19768558007534054 -0.09361364204237188 -0.912474919715418 0.4727766089647154 -0.17122466083014887
0.26242982487667343 0.852569057169444 -0.8997523594834114 -0.9898966603469079 -0.1406060010926664
0.06727345221767034 -0.6327888811624449 0.7061642020534864 -0.8978777388252386 0.25985567568677914
4
0.6434946277657139
0.9062875195864069
0.17799163054632294
-0.4840528207457413