2
None 0.7660519928156517 0.07180176070893274 -0.44293604479357684
None 0.4603722902537257 0.040558054949298095 0.5270706321512724
3
-0.06386615786206962 -0.2799473376188266 0.4729704018878935 -0.4317722601695537 0.963687428040868
-0.9249123182448129 0.8754878903391501 0.8507342431580776 -0.7432581594789709 0.9048681720821965
0.2807392717771575 -0.8779336608562542 -0.6322964666601696 0.16346136964259106 0.35390049012359115
4
0.5294581002010224
-0.30454831352317857
-0.6312525545002579
0.489024401170822