2
None 0.8841209253485927 0.05633801343275202 -0.1896588003258446
None 0.18564342982501536 -0.6590876964439047 -0.7329760686682405
3
-0.7498349036076624 -0.8549961377201021 0.7726057759324754 -0.8827127408514199 0.294667357162284
0.5756618271042884 0.277163715095035 0.6091741402041324 0.5194729054373495 0.07266917910675819
-0.5722511422530205 0.007989785236613756 -0.62875073984093 0.6790431249396442 -0.807087485238835
4
0.92126889631669
-0.23585882416963955
-0.5422745282630099
-0.02701407609726192