2
None -0.15419009167993547 -0.5397006788515046 -0.017053914309598683
None -0.16509103884327603 -0.5013952586928923 -0.9568945013380252
3
0.8092187933189092 0.4184349701100136 0.10569160330657401 -0.9280401481779692 -0.1246213597545427
-0.5541303947016205 0.7649584920594259 -0.7040117838735169 -0.38238686578316594 -0.7067132801862313
0.5384564686911111 0.8713939832290745 -0.02501143337872791 -0.854341933050506 -0.1324891560670114
4
-0.3389285464797205
0.5158848877720905
0.3311856366339012
0.0993286753481426