2
None -0.09515658987588527 -0.23958985615557582 -0.8292701139036309
None -0.9092468563710592 -0.22755223655284285 0.5521879822605851
3
-0.657398152792795 0.43431955988835735 -0.06831570299582435 0.7385218685118309 0.5497737958703612
0.06543345435895298 0.8596917934339188 -0.7800942704750935 0.4672320767094067 -0.21327517730652645
-0.5785527560464951 -0.16301399911271353 -0.273220600940989 0.5495822496074239 -0.2194535273367817
4
0.9855941836355764
-0.94964483867286
-0.25728213183295146
0.4231657712334276