2
None -0.8837117876185072 -0.4744263853265869 0.8932998802824497
None 0.9616140870885348 -0.8651985538149036 -0.8992038380059963
3
0.035365472586357916 0.6872556537971439 -0.9982419515678573 0.7837359760283982 -0.3149447430236285
-0.6652590669044736 0.53899350094445 -0.6493618759088198 0.17564087228320413 0.6140176283884329
-0.7228300125543945 0.6595532036334015 -0.4571012168189368 -0.3354916767271716 -0.7551611782672576
4
-0.6026697032087946
-0.8923519812115372
-0.6149433706602843
-0.3910061346106972