2
None -0.6523685093664464 -0.6319721405602956 -0.16834548736373356
None -0.09854410541318881 -0.08302688772268407 -0.7905404428242115
3
0.9574919729281313 0.4439694395483944 0.5137184797192818 -0.6750375389850523 0.4024259678535096
0.7403356098493674 0.9452926477389509 -0.38016072998914296 -0.028665966944279697 -0.6155841640039093
-0.8993888392954557 0.349478082080362 0.5499988462449468 -0.8009832050012795 -0.4427252264704167
4
-0.4745161217000904
-0.5164635023174875
0.5147561525918145
-0.2654194869577917