2
None 0.22333888161920368 -0.9392292395172732 0.8140414133527218
None 0.21896845525216624 0.5044392161632276 0.3360238014879082
3
-0.48038100511881865 -0.37143806901582543 0.3852100660723339 -0.9895303726423916 0.7818772112361261
-0.839212135977776 0.2165241543190417 0.6608193132065143 -0.3455884379713243 0.1284797638463011
0.9138447423528495 0.15097491412928488 0.3857733073680949 0.5230804392449202 -0.5734344605723551
4
0.2866974653363692
0.32361772474981265
-0.2594041256090429
-0.9726943796627832