2
None 0.5945705822209186 -0.22334161276625397 0.026961938029452792
None 0.5548573998862263 0.027839541232325793 0.4389002310500305
3
0.2138303058764741 0.28785269504926725 0.6691270103888785 0.8386456985402446 0.9221839640630771
-0.4146429108989733 0.34178441053322084 -0.9915000111727901 0.9219832976973774 0.7506361991499197
-0.854946539055303 -0.5750840491864422 -0.23085537931824174 -0.7799345848469081 0.615401398461086
4
-0.866712770618703
0.5354666539190345
-0.9891509543318231
-0.09587091674482218