2
None -0.1158695228542741 0.6313500665971037 -0.5994582413691911
None -0.7315374932211698 -0.19006455339765482 0.5518643563942887
3
-0.17174733185249735 -0.4713819741061287 -0.46430854024670376 -0.801136390146058 -0.33945018695652185
0.33346503718925513 -0.9526151499859081 -0.36096060801452534 -0.9847550590255021 -0.34182562867152955
-0.5587139394876415 -0.217280612601352 0.6957948708460762 -0.05873195366384709 0.5612258346099319
4
-0.5816564715724044
-0.28890351296180095
0.5999113450158944
-0.7060292488048285