2
None 0.6503597481305217 0.7451627021241578 -0.38149946302924254
None -0.23740772689498169 0.4512175388175257 -0.5193225111373119
3
-0.10553351681295453 -0.5521431573007025 -0.45557012492246773 0.43246066842699005 -0.46740874310093217
0.36848238854693305 -0.16751457989229412 0.042035001476190326 0.7202324399430751 0.42606351542388254
0.9471241314378702 0.1480498870044249 0.5870248624516774 0.8291976125775218 0.08839082451011215
4
-0.6081204080120306
0.08867952555984471
-0.2742624988878386
-0.038043206726407375