2
None 0.5030509479963998 -0.9774214311507843 0.11847321170939962
None 0.4011652963618524 0.4620267559394904 0.6909688928495934
3
0.5554641587907772 0.9437889974365783 -0.0915519651466028 0.5194687298568557 -0.5819194438412385
0.62582940192791 0.9131956243943831 -0.8601479079172789 0.1588921146823572 0.10387087713466814
-0.014302757860131354 0.012648842060446475 0.5280311570095062 -0.4371680586649358 -0.014651939597005503
4
0.02282808097630329
0.4564769300599618
0.09316862575605489
0.40875754055936286