2
None 0.22062246657717366 0.6329431876103844 0.4589325989191244
None -0.3446965954592034 -0.2867058268676417 -0.9022329825840534
3
-0.9531633801787829 -0.7698537455682739 -0.6842247537315855 -0.06999941392659426 -0.9154180838024895
0.48883184953867964 -0.9788322198975754 -0.8727131328736781 -0.7301995039678904 -0.8428272831411692
0.13099314602874124 0.47416679791506033 -0.47095063248631863 -0.183540002920086 -0.6169833721131772
4
-0.8916251045936296
0.6422809558749658
0.7070453762934554
-0.29184661737925177