2
None -0.43744452254295774 0.8037407342138632 0.5114352017869952
None -0.3694150348335108 -0.28130408060621237 -0.9127735772628414
3
-0.29970749235793304 -0.08603482440612775 -0.1281446136806066 0.32326592082955297 0.9399364400638877
-0.8842934005634158 -0.0942400181929306 0.7260259276865701 -0.31969562271084295 -0.918154395071271
-0.26868503877309124 -0.8449880218322536 0.8724933281220457 -0.4567898367453602 -0.6676219831842847
4
-0.786849979390762
-0.9626290925599845
-0.7087661267489178
0.3491937089039805