2
None -0.0253740922277661 -0.9544191198321919 0.33109944858958906
None 0.003688311083437368 -0.5276253241231947 0.2616462828971573
3
-0.8751830101068501 0.7793948773792416 -0.2890209081412345 0.7175947997226477 -0.3529216273890332
-0.664888608211589 -0.047232124581842116 -0.08695257483521246 -0.5787356188953601 -0.8924942933855762
-0.8642910002980824 0.22953040720304108 0.29742685477752784 0.34980372810855753 0.1100258969615664
4
-0.20258188383141817
-0.7472237307019081
0.31052679001471106
0.9664034867419373