2
None -0.6414004472865049 0.1474292278181577 -0.9560736774359553
None 0.8701531993422194 -0.7638859478476083 0.9967234850368254
3
0.40863640825506065 0.30294208210789786 -0.5078486654280256 -0.8332382738670079 0.952606055472506
0.8032951207397054 -0.6354032466324251 -0.19090400321941026 0.7065541620909006 -0.7850363730828513
-0.03613525231727066 -0.8283224388026398 0.032846785987415084 -0.3576630483911074 -0.2555788006619726
4
0.45749131289912115
-0.7056598223245494
-0.5839875792993925
0.39769739636160617