2
None 0.6430981069292612 -0.8721506048763665 0.6175997340763135
None -0.8888779916394927 0.6800809259470362 0.47908722055609587
3
-0.06889311937282439 0.991032651806113 0.45015376304160104 0.30896138817738716 -0.07500853113306705
-0.9026376098525157 -0.8609672439173812 0.5576579289660006 0.17147697066875023 -0.6425896635835022
-0.6254641724318846 -0.9652329516522635 0.7842257503622434 -0.29856728784032116 0.8937708721719775
4
-0.26207179343340026
-0.3069582390094263
-0.8856564445738657
0.6767983857239308