2
None 0.4133072402862483 0.1277937821076387 -0.9878917702194572
None -0.813223523633092 0.10668665671294209 -0.2578106567523344
3
-0.7873879563059909 0.13001835992705413 -0.6493222674258916 -0.765906180661218 -0.020607801468990994
-0.4258475757964095 -0.9996808294462454 -0.2443448653730378 0.6549930826084851 -0.764368150843131
-0.9162069793144374 0.2710243713222862 -0.2631381852944419 -0.0590408952634196 0.7895780967296666
4
-0.7432886780347678
-0.38713818377359965
-0.3670150618734227
0.6525156249855537