2
None 0.5176162893564569 0.9380401763706459 0.9142047887625326
None -0.9066903863412303 -0.3206435324828021 -0.12246755074490911
3
-0.5467705627717228 -0.04154859948577827 -0.35523586437247157 0.11645812894325136 0.751613250307521
0.990287552433192 0.2616370792381868 -0.7736246641307389 0.37774237640205666 -0.22750725428133323
0.23343793759750997 0.8490213727478353 -0.8294554299391312 -0.4090119602434501 -0.36077292173932385
4
-0.7140854682489288
0.6329072508333424
-0.6788623598836265
-0.4939014629999938