2
None 0.6992427140468735 -0.30430066452627735 0.04746259220846927
None -0.25810303871344975 -0.4742836110171478 0.2950525612938941
3
0.8619269877085358 0.5072077849624108 -0.22639466743235181 -0.22947962188708115 0.14834069583368636
0.9547367959063557 0.8604167744465285 -0.17466404314418615 0.8533189515202437 -0.7951978709511092
-0.6919678309714761 -0.5530810181078967 0.3120357665877187 -0.3365137446000217 0.9728617078029855
4
-0.9908322432742509
0.15907376528963946
-0.7160264532332026
-0.9153651984795275