2
None -0.6245226467182807 0.8683796834836499 -0.5922132458326581
None -0.0032705508248347392 -0.6850233310444038 0.6849344729571583
3
0.7283418902352907 -0.6371934953965246 0.8197387067906112 0.8565841333802908 0.6522363887369906
0.8278022423433005 -0.14400469238293434 -0.7419487619176701 -0.6396471749702297 -0.8492195051154485
0.21119338859780323 0.06704754860319073 -0.7796474822784529 0.20736836894792066 0.017982765756729302
4
-0.8776642317387371
-0.39711447886301454
-0.6888482537266427
-0.6195123004779017