2
None 0.029308792491304247 -0.6319513089801367 0.6734390505443679
None -0.9775151895406213 0.32605634388697236 0.2152563571520294
3
0.9782783304652753 0.5928089321825931 0.11846962467666478 -0.948265977515726 0.678629734293819
0.32603219510440007 -0.18276887784742946 -0.19186910930297807 0.6369778312196024 -0.5053625529399783
0.8130117264928243 0.860307716760409 -0.04730240515871165 -0.10992421370717054 0.5384990156076424
4
0.48053604926335014
0.29956018200713364
-0.2988366766957957
-0.7606418511501558