2
None 0.1874942630971146 -0.29644015587968364 -0.9251589254717143
None -0.2935572206995851 0.6489841105020957 -0.5343716869547614
3
0.9918995112731672 0.19211724794824425 0.48889578774939246 0.5298437991316947 0.7657727104677097
0.15937070912948115 -0.24010503133883487 -0.3534044761056403 0.9646418907618497 -0.4719359586013572
-0.75877675785298 -0.26613005696217273 0.3836176353875973 -0.2297185872603682 -0.14165598182140338
4
0.8055589307988986
0.6875087119916425
-0.1342614424034536
0.5491753218793389