2
None -0.03433667871030677 -0.768186472244127 -0.5209096639514841
None 0.10718331925583136 0.7993133270190431 0.9118545135081881
3
-0.2538615309940939 0.13131109731642687 0.8767376347449847 -0.2943424181105323 0.5129260284564068
-0.43640535892425714 0.09452762680754923 -0.6083464871677327 -0.7929913212752013 0.44974393785102085
-0.5939427448569159 0.7276581966217508 -0.8160914125361234 -0.26392403694364064 0.8040740078659578
4
-0.05216753629126325
0.23558259070976417
-0.32300324018441606
0.14894914835689033