2
None -0.9963816046332583 -0.9612087661936133 -0.3028394867932749
None -0.45690219985319835 0.22379919709901008 -0.6667413157392468
3
-0.4206190819741473 0.8695988660359137 0.6903884582769726 0.9922325588423524 0.2879062816249245
0.8923290399848598 0.182746302956299 -0.5605699149356393 -0.34521391213555397 0.83207624503352
-0.1226482280836323 -0.15804960649902222 -0.505171266881626 -0.7123968935015319 -0.509356891066284
4
-0.20392262998380883
-0.0077063440379820936
0.4122349498440512
0.04129632098285341