2
0.13900088641482533 0.25413701834225333 0.9968647444805527 0.08311788009692789
-0.1904227092826034 -0.13801280616275546 0.9348534173271084 0.8562324006091191
3
-0.5712260445238921 0.22003808876285968 -0.9040873512082082 0.7425081034107919 0.4250211962356847
0.019497655261799807 0.8289740538629959 -0.8150557759730557 -0.772296967786587 0.7375790566324876
0.22180513504470034 0.6457209606892955 -0.09987434769771353 -0.02928636739094781 0.7713046812821764
4
0.0392927220903494
0.5692546298194423
-0.4676618199907938
0.6069669751162852