2
0.16319865887269214 -0.28842575849212504 -0.5696000031622601 0.03469848102385398
0.323779268792306 -0.6998242186496599 -0.2753187218114448 -0.847406365543605
3
-0.4454732923948359 -0.6512379639803763 0.21040853986806596 -0.993013916737943 -0.11199687118007384
0.44359385130891416 -0.48929475957268775 0.5598291888313456 0.9593608420894191 0.0499290408361881
0.1075496444414401 0.9620722728493947 0.9583921914291043 0.8371171755104874 0.7845259261631181
4
-0.029429143496761734
-0.6337793938756255
-0.6552430103205102
-0.777344213031985