2
-0.36609673148228317 0.8311980776388455 0.43886846729672513 -0.695432949681849
0.13799993520569043 -0.9036920577518566 -0.20064446722528828 -0.5639671187005411
3
0.0005521802134051956 -0.5748592500443268 0.7312112045733841 -0.30872984577194007 0.8711015510564422
0.7819672389215997 0.10051919231962736 -0.7527380604849461 0.5646955692351818 -0.15165944340415116
-0.677502155226374 -0.6568632996656802 0.15401928305350254 -0.4233787025684488 0.791217411865516
4
-0.609886768432776
-0.9899912475115087
-0.805416438125578
-0.6225092231441072