2
-0.7853934844806059 -0.048479822412632156 0.991536112303371 0.9111488634294336
-0.4189200161265758 -0.16826273441521633 0.6856090294223351 0.3557640762123697
3
-0.5802036446547918 0.4819842972315369 -0.15870483595282625 0.9237354569481049 -0.340027560943321
-0.11772232279235428 0.6280974744907892 -0.8452556579406614 0.1903246867352857 0.23039871561893288
0.3568954294044093 0.7284728958691096 0.5796295358741266 -0.4866933130120723 -0.159052633571094
4
-0.4024526035403799
0.016923019279886375
-0.3774289645371094
0.28637070064752246