2
None 0.6471211331669371 0.3572033898817806 -0.7617405619934767
0.31394730054327735 0.509737790750894 -0.034636823757982826 0.8288906668135914
3
0.8783804208863295 -0.18478682407819247 0.9677500514700734 -0.6990295915836338 0.004319009723707801
-0.29458250776835726 0.1299160137832509 0.1450667762964617 -0.5894264623933065 -0.18703085302138134
-0.6730016775201058 -0.4793744845157559 -0.7043137728114917 -0.46510147052517437 -0.22213512063238805
4
0.6880771713746601
0.9351351281126159
0.6779174111060029
-0.30780597970069623