2
0.5297831058435347 -0.809164434422273 0.35852541658643267 0.41637001795954265
-0.18991663269390258 0.8428357557705777 0.32217170884229396 0.9388253250478773
3
-0.3998231239189851 0.3444027646277741 -0.8892965477854418 0.1828686544619751 0.23550810882694395
0.33815410917445243 0.26281021999616816 -0.8139995709561616 -0.5669813330053717 0.43113798520361635
-0.548673168373814 -0.4233376424709008 0.14477704109061662 0.6517973600133422 0.08361823053079864
4
0.08041977682106194
0.7527389860834597
0.45212009764804706
0.606813008600932