2
0.49981333092871716 0.8311980776388455 0.43886846729672513 -0.695432949681849
-0.7803319613267949 -0.9036920577518566 -0.20064446722528828 -0.5639671187005411
3
-0.2593475540904646 0.005770775640729919 0.011974425410407274 -0.5665839980809162 0.3830405377815944
-0.8968582094624504 0.33833971047830835 0.04852975402953619 -0.9504617413896377 0.25036898275240405
-0.6453574083583085 0.8673723537291189 0.9339041825189947 0.9185701874415633 0.5098744183564543
4
-0.609886768432776
-0.9899912475115087
-0.805416438125578
-0.6225092231441072