2
0.017669278267176125 0.06003723481141021 0.13535512389551396 0.6738405176876643
0.8445534139535154 -0.672688622110236 -0.6336378519808943 -0.7741918588678571
3
-0.7317244563895722 -0.0574551167883095 0.6124378692955914 -0.2663744326971884 0.34092644710103537
-0.38150356558298526 -0.11144177688978951 -0.48223130946186776 0.15170690428358924 0.8271624464229073
0.4671505971446346 -0.44548805195117236 0.783942563961672 -0.5757888357158985 -0.9717493968827093
4
-0.2544160460637528
-0.03026949163861614
-0.13868625989898753
0.6396329820624371