2
0.624976390117175 0.06003723481141021 0.13535512389551396 0.6738405176876643
0.28076151789064796 -0.672688622110236 -0.6336378519808943 -0.7741918588678571
3
0.5657104062537113 -0.0574551167883095 0.6124378692955914 -0.2663744326971884 0.34092644710103537
-0.11648489793210137 -0.11144177688978951 -0.48223130946186776 0.15170690428358924 0.8271624464229073
-0.19126268767419585 -0.44548805195117236 0.783942563961672 -0.5757888357158985 -0.9717493968827093
4
-0.2544160460637528
-0.03026949163861614
-0.13868625989898753
0.6396329820624371