2
-0.22890800073346806 -0.6275755886371572 -0.9735083294261351 0.3963533074574386
-0.3897808565269094 0.1343860987946135 0.8677782419916862 0.8257217835056501
3
-0.2608953125525342 0.9088158481567992 -0.2967074439250932 -0.15827015851272797 0.32409586976142624
0.08392437823671872 -0.9932318414760515 -0.4172145098814448 -0.04340141105938211 -0.6014525502852679
-0.9247326892234167 -0.23099822426562744 0.6270431567622476 -0.8276269434863268 0.5031854754544696
4
-0.8630238083073887
0.3868353651488632
-0.6723919439724086
-0.799069852838199