2
-0.8352384726872404 -0.6275755886371572 -0.9735083294261351 0.3963533074574386
0.29097989267299873 0.1343860987946135 0.8677782419916862 0.8257217835056501
3
-0.9005307274191219 0.7191475410257453 0.5301176731628994 0.5517119776048665 -0.24678949118460536
0.14862846963599496 -0.443113428178439 0.32070466554889343 0.11200073465391691 -0.24714527713193912
0.5880582907666394 -0.061778102594533424 -0.6288557507903798 0.3470695546575753 -0.38460829361631355
4
-0.8630238083073887
0.3868353651488632
-0.6723919439724086
-0.799069852838199