2
0.5536052679074188 -0.6275755886371572 -0.9735083294261351 0.3963533074574386
-0.02484363428678993 0.1343860987946135 0.8677782419916862 0.8257217835056501
3
0.6195475349317343 0.6829759112462148 0.7148554704762442 0.10940464466629418 -0.31138784634386996
-0.3147082357348103 -0.9948481887693335 -0.8181864043329945 -0.03570382526491711 0.9421733312610983
-0.10807335019966136 -0.5223696212832352 0.1373701822871949 -0.8926812239608046 -0.6864099569094639
4
-0.8630238083073887
0.3868353651488632
-0.6723919439724086
-0.799069852838199