2
None 0.0036069851419200383 -0.26531904982033305 0.3628883116772339
0.5515604831728083 -0.4803168848307684 0.19338029300202142 -0.42136044587077004
3
0.550701258345641 -0.6993391911252429 0.7343566490632534 -0.8763021076158299 0.6840649488637578
-0.5993772720735879 -0.230260175807393 -0.8343357836968306 -0.9743780558664041 -0.09251897763340633
0.8385285854638824 -0.9715383055222175 -0.8148381546493155 -0.16811994002028907 0.7303908698977204
4
0.6316911913383711
0.5155529432222117
-0.19604502958438674
0.7660852592521814