2
0.4127191265258352 0.6187166289844872 0.9437900644675454 -0.4175161236931699
-0.4147600802349847 0.08570071829453085 -0.7973925359188601 0.531808088620362
3
0.9530911950058869 0.8804719787497686 0.4194366392654154 0.11948240004508714 -0.3411483232730663
-0.40050720509096815 0.019597590229662565 -0.719833900921532 -0.9857328634509044 0.5225802996501707
-0.8784774989150681 0.10449023702855098 -0.8854669684204879 -0.161099473242436 -0.6509046945685832
4
-0.41343171784936894
-0.3963786336596511
0.49228655824282574
0.8085009390327769