2
None -0.31263991223353904 0.8368794622800002 0.20070525796235983
None -0.5341424554647831 0.7667158871544075 -0.160241477829967
3
0.8126864080472176 -0.17528189500061786 0.9646030627457356 -0.7977491659922746 0.3876602127965403
-0.8695162222812367 0.0970432108599395 0.8640429024560761 -0.7727964719902747 0.7628025746680724
-0.47282554859402226 -0.6505389345976866 0.33567631097186235 0.5502874352752067 0.7198585337804515
4
-0.7629947096785605
-0.11166337356303946
-0.6816214747962206
0.7382971920507144