2
0.31243549872215937 -0.6275755886371572 -0.9735083294261351 0.3963533074574386
0.3046496497009188 0.1343860987946135 0.8677782419916862 0.8257217835056501
3
0.5088487225829268 -0.8437360230171727 -0.5115462658183847 -0.28896692751656006 0.3065920650927405
0.7154526869034679 0.27986538655957305 -0.392429691396047 -0.8102207593588198 -0.9485094213170733
0.9254673890441047 -0.9765392502517256 0.03246865022727086 -0.9065418429475278 -0.787286400811585
4
-0.8630238083073887
0.3868353651488632
-0.6723919439724086
-0.799069852838199