2
0.203214028060422 0.3564680471004258 0.41628605325228674 0.17037575962621254
-0.10218334060590495 0.30158464803828666 -0.3904749102214744 -0.46450424483483443
3
-0.511648282624088 -0.5186669395807264 0.9667779261438438 -0.4280566715319851 -0.6887395301753385
0.49134014446948715 0.4872278285816345 0.42397700054318976 0.33263094840735863 -0.5064752215815576
0.8992631092497134 -0.7223604362805742 0.03045057964479403 0.5422813375246005 -0.15150376225882067
4
-0.06540927054360002
0.6903947151425243
-0.9609231621513812
0.8376761366765841