2
None -0.25882705727672795 -0.7592763877064228 -0.13108841303626106
None -0.8100270383005868 -0.13943439144394953 -0.29923655911007163
3
0.46724580548772776 -0.3600809711935795 0.20777643644703225 -0.3081471529091302 0.03561894850511016
0.501221476490233 0.5231607419818014 -0.6251152907261743 0.4059845030878617 0.05535811067121821
-0.1266055859402655 -0.8739639796836018 -0.7057185277069686 -0.7634165816847955 -0.46256488809399365
4
-0.2037529705323189
-0.30128463309449516
0.9144853044546448
0.5427640723619318