2
None -0.5199740833927113 -0.053469627081368154 -0.9929372295503269
None 0.9719061291287208 -0.903545585940942 -0.4647048439560315
3
0.43610768792820376 0.9226145671951027 0.6663084395052576 0.7882593552198753 -0.5254220976012656
0.8581803560452423 -0.8688633580265912 0.5788188708800597 0.6371804497176543 0.8043325050017356
0.7397228627636834 -0.8003903254387486 0.7464777372879028 0.8516964150149735 -0.27467664187568275
4
-0.08281951590335201
0.021247399601671324
-0.14767033503760008
-0.046128528838485394