2
None 0.05231077535632611 -0.30345633080887646 -0.3345887548101527
None -0.2509944977426868 0.8121416535407011 -0.8457245042593564
3
0.9551931481058407 0.9586468168594724 0.603410482647289 0.5911070959623173 -0.2725606575302404
-0.7156550718277417 -0.41680364375034484 0.7171191635099343 -0.11151662305208565 -0.20836485427577656
0.4574422205683435 -0.8219448344311979 0.9316309126345774 -0.29116011365389105 0.5226135771458329
4
0.6761084460392295
0.7480685703684324
-0.556779728592371
0.1692846661744669