2
None -0.452307709605132 0.16116024419950015 -0.40880293151031943
None 0.9987207643118448 -0.06419540644275279 -0.13689961171373843
3
-0.5382347606798619 0.06282085387422742 -0.18335471126223912 -0.9711815918958386 -0.7789426992336652
-0.9470013912886035 -0.798349580049623 -0.13105688276855632 -0.14261369775192856 -0.616472971777863
-0.3463449878809599 0.3067340389732851 0.7153761524816957 -0.5340853746782108 0.9502353381121964
4
-0.5905025423554511
-0.5400754376621419
-0.7251716593269859
0.9369619074712121