2
None 0.29806053381646014 0.44464449399628303 0.7285427436100915
None 0.22659314022368648 0.7706968180435889 -0.8619655805964039
3
0.7516865935031194 -0.34907461549345875 0.40869760985762693 0.04810314738790078 0.161735518488914
0.11805755223184478 0.6708251088112704 0.3867893449798836 0.4770971546321625 -0.6424555622506223
-0.1835529608383617 -0.4941495083744305 -0.342013024652394 0.687811960032223 0.4828498648495738
4
0.793556771778714
-0.9957270635447069
-0.8081712644635806
-0.41033491442546843