2
None 0.9601729350070511 0.675095715999255 0.52624456911306
None 0.71444755121326 -0.5939169348398552 -0.7525565153425036
3
-0.8054905846647893 0.5532000940908772 -0.00491326648575563 -0.08359219391683781 -0.5105918490958186
-0.4629333589614075 -0.6167288574491836 0.29882686240836787 -0.9793145688639224 -0.8275073735796572
0.606892655106875 0.3173224414964455 0.8240019189767083 0.14679819451057097 -0.7528315302942912
4
-0.06702548997447244
0.31354639525009587
-0.5372048100794273
0.6016925231786123