2
None 0.43008655378093597 0.6435271223572794 -0.010546199967233383
None -0.709072851175776 -0.5081577685658019 0.8718044519916635
3
0.4913746293322092 -0.5265284430570523 0.13718752045931493 -0.2896542892732026 -0.4533932568172192
-0.3725558683026007 -0.3094212815620545 0.41646765115975537 -0.4192914081307446 -0.6537223502633889
0.4281226171245889 0.5841634968129092 0.26749834839865305 0.018022690960833865 -0.37169769055857227
4
-0.05742101769726515
0.6431303731705871
-0.8582679678180523
0.7216849623591752