2
None -0.4669790664988418 0.7544392735490113 -0.40466977644741253
None 0.5402414022417519 0.08304127493732438 -0.5568912328842746
3
0.33105634781253235 0.6370642098224919 0.9629752059058103 -0.38249288223200617 0.3296924761896485
-0.21489981884573583 -0.7591257662971154 -0.563748105857313 0.7556382708576055 -0.2729811881983015
-0.21375728209205835 -0.21037334321913415 0.5746395079238427 -0.28804519643770976 -0.6798908785155606
4
0.015588029797290792
-0.7337867412883115
-0.21762914778834475
-0.4270402360116414