2
None 0.31890636990139054 -0.37511333658165946 -0.9899305120518296
None -0.17964772801431517 -0.1845124288887552 -0.4102913959759704
3
0.11680387060305764 0.040073358351691235 0.7789421241776671 -0.6343225536755777 0.0053789312436582915
0.11384074961915935 0.3544406314020343 0.25838815145575933 0.6563219599419197 0.15493273295275722
0.5858947173329592 -0.9298447462714556 -0.1803760406564503 -0.6727402713018191 0.9940127284459137
4
0.44776273782494447
0.23435350050806925
0.38292181660636926
-0.3552886216979998