2
None -0.6097423625647862 -0.3680556682480618 -0.05361742150571924
None -0.11173654225640073 0.5197462767929426 0.6089464334641308
3
-0.09331016070935005 0.4547719328200792 -0.9102682721145567 0.8055044267621974 -0.010788302773863112
0.3527664055874833 0.5689239218809483 0.21034899374710325 0.4487733159743126 0.44106941285014023
0.2741462237822603 0.7315578822092559 0.429059861099758 0.0061707412916847115 -0.8461310913057742
4
-0.3975166996991131
0.8513330990255583
0.8050223672266559
0.5465871280913255