2
None 0.229805381738597 -0.1884405991412248 0.4464896503256237
None 0.8381432046986337 -0.8946614067972285 0.7863914438057444
3
0.1750480793008773 0.19318550452870764 -0.09093810125785695 -0.8471819307070692 -0.9446722910502776
-0.5057082262770729 -0.3893848621139109 -0.8957024297421077 -0.7624407390392649 0.954352420359101
-0.8520896128557869 -0.5002286807336294 -0.7340760009130396 0.42790384933099035 -0.4208598840475317
4
-0.3711810964794957
0.6773460838648693
-0.8992110334513514
0.2908781173682926