2
None -0.8814177662143077 0.5028830492115357 -0.40077159213684377
None -0.6040194439255857 -0.16733209055505038 0.20419601997694325
3
0.3342470620602058 -0.9279328116160648 0.8309408156683298 0.33009071886109487 0.7221619676379658
-0.8474998254526953 0.46200315836625006 -0.6698369466947725 0.879215902668635 0.22341342182959223
-0.5306864473565247 -0.900972423625112 0.18574689540174028 0.7800831447361427 0.7475527024364499
4
-0.4865641784216608
-0.5166191576083112
0.26155577997088497
-0.5988564284959956