2
None -0.974917468522138 0.04302681477236381 -0.7746016519165824
None 0.2215839749440014 0.6072745147773861 0.38420482870160755
3
-0.9357863313563692 -0.8975322571731288 0.32352893132655036 -0.8311078853515443 0.5854493985620064
0.21107653447874397 0.3458690512527365 0.02101795380643412 -0.373267661602005 0.06777061601332113
0.702203668397982 -0.5715853003112066 -0.6113011509618085 -0.21238888245125365 -0.6693484218729493
4
-0.061372737146040635
-0.49243999867470944
0.9972591540638762
-0.12439616404886689