2
None 0.88068129741116 -0.08819804326169445 0.27565298719877274
None 0.8643853353036102 -0.7415184499502674 -0.35711532076713715
3
0.4830342730225381 -0.4032455849219918 -0.4789492365596024 -0.676789872696163 -0.8677188428619871
-0.03246584800160379 -0.9257458750558953 0.14060474146266344 -0.2650885345837861 -0.14028524337577242
-0.7116971139375263 -0.231309808261847 -0.9620083502211205 0.5571182891541859 -0.16553403001310718
4
0.984125434132127
-0.3928846683003877
-0.7276204533358761
0.9780927575109291