2
None -0.2917504391515442 -0.0719325841837144 -0.6424283583789034
None -0.07059946688975094 0.5269968632237287 -0.05403152258573263
3
0.17958448437556807 -0.8306299302335207 0.09532728859075057 0.8203556846192757 0.6558687276947615
0.579015642559509 -0.1996014141087492 0.6201256361004861 -0.8962174866824106 -0.6476360202823803
-0.19302128019737275 0.8044312105352542 -0.2881637112843398 0.45181441411175216 0.7433081909540866
4
-0.13553724401233946
-0.6140057138144044
0.23960355727676874
-0.43682870825980613