2
-0.4385042984008325 0.3564680471004258 0.41628605325228674 0.17037575962621254
0.14026984053583003 0.30158464803828666 -0.3904749102214744 -0.46450424483483443
3
0.822447649996702 -0.5157754457897485 0.0837416706992371 0.6350858181807426 0.9740052115255733
-0.8930035141985566 -0.5298316856163985 0.6001168845377356 0.8081667972315818 -0.741051653365387
-0.539710520090376 -0.5632703125367906 -0.4959835220482596 0.16613344007582143 -0.9439735536064306
4
-0.06540927054360002
0.6903947151425243
-0.9609231621513812
0.8376761366765841