2
-0.8752806965588196 -0.5491717114321033 -0.31099483447420306 -0.9597367963049472
None -0.4100249771916338 0.6111092982578625 0.1916941530255294
3
-0.2565120014853155 0.738723816818212 -0.2993346444677689 0.5856363753540779 0.7462733104106929
-0.8798533437944771 0.6052570403710054 -0.803038255519773 0.4912600351967855 -0.1352377342738169
0.3179745481941352 0.4000393285003305 -0.4495221691423281 -0.2564930067765596 -0.5952258428445212
4
0.8688099635365594
0.913926151576431
0.915557339269393
-0.5520522206781697