2
0.5926857544242676 -0.6537906229915569 -0.2510865728724554 0.5837795978967699
None -0.09246009389775178 -0.13602669075026164 0.6571246130586192
3
-0.6141877539215699 -0.3910195850694611 -0.8457523368457747 -0.262582891068565 0.13612201583222894
0.4928283136711491 -0.15196464970611845 0.7858201699572334 0.2588961709043949 -0.1992535789712948
0.163917718359057 0.584409555930163 -0.14765894326583107 0.44611210659645817 -0.268610219057261
4
-0.14280887627092054
-0.5759303914026279
0.125485573888523
-0.45093402141973526