2
None -0.2976390219292069 -0.7653310071046704 0.6256887310135479
0.06119175459120618 0.29553342553119544 -0.887143914738127 -0.33700508593508416
3
-0.9480881717435876 0.23167619050433008 -0.5746197003948905 0.054856870735460195 0.17429170154974405
0.8988406664505324 0.17613782991462412 0.7207187925411265 -0.7125203771603226 -0.934229447609328
-0.9064437127509783 -0.4603085988826261 -0.4630485695733333 0.984926576839916 -0.5306647896049146
4
-0.96702597881275
0.20097073182535752
-0.4826413287777582
-0.22833739580451784