2
None 0.6604629169166534 0.6291624946851879 -0.4550897595953114
None -0.09069003363280959 0.5709683760357676 -0.41741622734652695
3
-0.17057553225151967 -0.7524244128805768 0.9719311030204665 0.725811730388993 -0.12276555745968576
0.8362836860654543 0.014829353212692409 -0.8930907725999224 0.7249083098233793 -0.49277307417326655
-0.9411944523068689 -0.41200935616619194 -0.21057196730040562 -0.7095782726620719 0.5535821014662403
4
-0.4868297317790311
0.3703419436644051
-0.06349499447033402
-0.169445967770264