2
-0.17506585493928184 0.607709261856185 -0.4745619387460489 -0.7900032119392371
0.33011051668693847 -0.494772232863691 -0.23939136957285445 0.6501142284867569
3
0.37051008272488906 -0.43725807726031385 0.9207548222492152 -0.25243043934467746 -0.9099290103305613
0.7406627577962739 -0.16887702921275616 -0.44140330463960953 0.1313106528238226 0.757611835278637
-0.3204443874836489 0.45355589883034275 -0.6570667007433231 0.6131845483710361 -0.08172077483741624
4
0.7211516151648054
-0.5988365742238266
0.6182047539805855
-0.6219468304479561