2
None -0.48137552610214507 0.6898903224577901 0.8867235894041305
None 0.34743029243184154 0.27843237152928335 0.5818711899876867
3
-0.9418047803527687 0.34063857904124295 -0.8452063426292835 0.1753370799993701 -0.2899096509071646
0.702402053043456 -0.9862886658788825 -0.6660235844602527 0.7553933489178084 -0.36616686321847736
0.9111053665232625 -0.7839958543998633 -0.4927418851723957 -0.6176415975784286 0.37561305944775425
4
-0.35433129552275777
0.4313669765343149
-0.7503152517665597
0.10468054900022783