2
0.9774076837028229 0.12747478622640007 0.9325320596320126 0.03279690223626086
0.851663626382307 -0.16504989231838518 0.5574435632806682 -0.5046408213666773
3
-0.019632474787699028 -0.9006809425031868 -0.7394752689605857 -0.461797537343108 0.03371206744300803
-0.05918759572185661 -0.5495426974758295 -0.8763713518058045 -0.7307608349050045 0.9112611563588884
-0.9133503812626549 -0.9303496400568863 -0.40542747851022143 -0.961980078871929 -0.44301901730262827
4
-0.33804181641575615
0.13796388149054128
-0.36317816562040695
0.7668403572360314