2
-0.23468182246936542 0.01669301936101264 0.24122528580047908 0.016019285982858067
-0.023454681213960438 0.4573683105351054 -0.0785842328301134 -0.37174634925839745
3
-0.9937919503953658 -0.334774328267859 -0.3551187733882002 0.9794204206270356 0.4114207821046987
-0.28656883135964706 -0.11923116120482491 0.42530611074203817 0.12239375849691503 0.41836451161463417
-0.7944687473240812 -0.0897182196227666 0.6575250177706422 -0.09181805961892642 0.38367717518405375
4
-0.22143869377107617
0.6178252286797976
-0.9586987839443286
-0.9167994701187956