2
0.21602939888964556 -0.809164434422273 0.35852541658643267 0.41637001795954265
None 0.8428357557705777 0.32217170884229396 0.9388253250478773
3
0.601262020718615 -0.2850222978748025 -0.9425869635313215 -0.023780134450567925 -0.44207922686547385
-0.3633460130448918 0.09166423847964822 0.8145487199156429 0.14929831860230514 -0.22042681107553608
0.9978401160552699 0.3021841964083467 0.5039539441381651 0.47066423999123996 -0.6715695377900275
4
0.08041977682106194
0.7527389860834597
0.45212009764804706
0.606813008600932