2
-0.40164470763261595 0.24679366365974476 0.5656859653016022 -0.8473656397914218
0.40777622005000125 0.36204854328278535 -0.6118296791273514 0.7899417809019085
3
0.6186986819089264 -0.005007194240761237 -0.1556941255332822 0.9204816656737018 -0.993866052227472
-0.17973134053359674 0.9346729911877234 -0.32898631530728517 0.09657000569451712 0.8927724260102214
-0.10867677817402388 0.7327705055599953 0.5672429278056599 -0.2216498258285382 -0.10758220902488569
4
-0.40464807776215417
0.8593508633424829
0.2599688414698573
-0.667516915464369