2
-0.2052212111970957 0.11985113821894333 0.13463307961958337 0.6337272280286856
None -0.5461217938841161 0.1813504542082025 0.5379553847162459
3
0.6521491339656296 -0.7211449420100748 0.42269677998562405 0.8383969579781416 0.21849749757004422
0.613295906601989 -0.4944261132578185 0.8268758803230223 0.5957775540329235 -0.8951041132851594
0.5529786602778506 0.4945402086070674 -0.8115652386653738 -0.876984745932984 0.7080767398515728
4
-0.1641404328555347
-0.7833282278523861
-0.9342058261680526
-0.4753052276596368