2
-0.9227290268069637 0.12747478622640007 0.9325320596320126 0.03279690223626086
0.6475375023940053 -0.16504989231838518 0.5574435632806682 -0.5046408213666773
3
-0.7121127100784428 -0.7228287084886218 0.7437556503537379 -0.9934026364010018 -0.9729446105982933
0.51253735792535 -0.007072273571516519 -0.07563838711358062 -0.6714542597264632 0.6392058750392668
0.2138026285881265 0.5239483649797403 0.007141524952224199 0.1516420334469959 -0.2024772074952237
4
-0.33804181641575615
0.13796388149054128
-0.36317816562040695
0.7668403572360314