2
-0.8125408190614052 0.7833776704222775 0.7412180430208744 0.19637364670299262
0.9639454322134431 0.1425706607924775 -0.7515929188597039 0.9147132692275985
3
-0.3895356064433755 0.14518925504502844 0.25697151857322065 0.4255472553472195 0.6868168889275206
0.6792849470443232 0.5412360235203302 -0.39420741647027446 -0.42924267094989177 0.9513743086282218
0.6817731268781166 0.6623602664514072 0.13168631907148476 0.5100103569746715 -0.6427929447433429
4
-0.1286746558177707
0.4903903513131318
-0.5530373338381829
0.8470224508910493