2
0.8063670484948096 0.25413701834225333 0.9968647444805527 0.08311788009692789
0.057575762000831254 -0.13801280616275546 0.9348534173271084 0.8562324006091191
3
-0.3042291392866967 0.4301374059210956 -0.9010076109074363 0.9866824706178201 0.005384757749818947
0.9198538932244191 0.2606419712499948 0.18448508938194497 -0.3729915467409919 -0.8739656071279664
0.7389038170434774 0.9844123715434017 0.22127033520415473 0.9172999430199713 -0.316962126133296
4
0.0392927220903494
0.5692546298194423
-0.4676618199907938
0.6069669751162852