2
-0.09349199673944875 -0.809164434422273 0.35852541658643267 0.41637001795954265
0.4439710449886869 0.8428357557705777 0.32217170884229396 0.9388253250478773
3
0.08687738772891063 0.675197316889117 -0.9810642644181933 0.29161636664220136 0.6679925243933134
-0.4688247938037249 -0.013284500361921303 0.6776949860898751 0.283470983883922 -0.37489610689177266
0.20507065724119178 -0.4746489270363221 -0.698521848921045 -0.5465001107361869 0.4144223381152212
4
0.08041977682106194
0.7527389860834597
0.45212009764804706
0.606813008600932