2
-0.003602042857911325 -0.3616673404097823 -0.03439718974840433 -0.2105190422783081
0.5804909624573438 0.5618014436224505 -0.9583914162590725 0.08493005764629391
3
-0.14672757720908214 0.615771405335297 0.4658777395908271 -0.2958859665202973 -0.9213403195282381
-0.9415658438053427 -0.8214157662090593 0.26449510882148686 -0.1811698014971288 -0.5736282461390936
-0.42660526001282517 -0.9422546970750771 -0.15759739321275434 0.26127830678935293 0.5895052394555897
4
-0.007902222760773014
-0.8106592049557155
0.36674243946760243
-0.7467940273323943