2
-0.29846303125120244 0.25413701834225333 0.9968647444805527 0.08311788009692789
0.4891724335948464 -0.13801280616275546 0.9348534173271084 0.8562324006091191
3
0.7042430544418237 -0.816562644518195 0.1927487647636985 -0.09763179209610184 0.8068112637883684
-0.9111251371072298 0.6066274576082735 -0.6462614316629982 0.8325283317273666 0.6789621205168352
0.5621791184612279 -0.5807752995679074 0.4995995831657214 0.13603765550165514 0.607318073836431
4
0.0392927220903494
0.5692546298194423
-0.4676618199907938
0.6069669751162852