2
-0.7684133926425054 0.12747478622640007 0.9325320596320126 0.03279690223626086
0.5154927055659015 -0.16504989231838518 0.5574435632806682 -0.5046408213666773
3
-0.815430388541974 -0.020313751654657652 0.44347492720093906 -0.26701285031028466 -0.4084970612088721
0.8553370141474503 -0.9788486538162482 -0.5048143860714209 -0.4055002616806622 0.4382316530704582
-0.41370304834487825 -0.47458666366628366 0.4627548552946146 -0.8452216205101224 0.3704174126300721
4
-0.33804181641575615
0.13796388149054128
-0.36317816562040695
0.7668403572360314