2
None -0.8887565460541396 -0.2899457981810851 -0.9440086237781513
None 0.32789532616655515 0.49500182243674096 0.4465832804909824
3
0.12928348773598253 -0.7382027998434832 0.6202308279125932 -0.37463761138356877 -0.619678712005491
0.3723966803361951 0.0002282467646554931 -0.20934278468668444 0.9135610065054056 0.6848818088344788
-0.3018012230386262 0.7339699764745122 -0.3085471777628377 0.7926793955132934 -0.3607872820229958
4
0.05113819979791834
-0.07340681209070188
0.03032942621152457
0.3231397985530262