2
None 0.9763375027837484 -0.002342401054995058 0.9756651007482584
None -0.8642111292428152 -0.9177952339537476 -0.5968666527425681
3
0.4711003829597744 0.14912787241393377 -0.4613637737994234 -0.18945218633627858 0.573990166579821
-0.9915611253637322 -0.08675017910204441 -0.007872919223633312 -0.253389616196416 0.18085494278051018
-0.0718366112739035 -0.6120691918400099 -0.07663740945138686 0.6998938646604493 0.7812841216331212
4
-0.39981578469097245
0.8534469857123703
-0.7919553124724852
0.691369941555446