2
None 0.19791716883050214 -0.863461712421087 0.9939223779910102
None -0.5762946133319067 0.6249627684697199 0.21150318787746514
3
0.5181497996731006 0.6228357301452743 0.6830521746906544 -0.9146298132317823 0.04746263430687159
-0.5231383602150779 0.6136672285007874 -0.31504199523174825 -0.16756014810465492 -0.21258084121931442
-0.1744505938777503 0.9604512867739383 -0.07392941704665268 -0.49572027063527124 0.4296785488195558
4
-0.928324402458119
-0.033910851505299044
-0.23254043478991138
-0.5151139162770062