2
None -0.36186938092011633 0.5522356571390168 0.2673383488707364
None 0.48648828148705414 -0.377448457700567 0.0027711124719589364
3
0.1596031177316677 0.9813839311228767 0.8566658997966061 -0.22938238721653126 0.7778612930164701
0.07993600113205557 -0.14405086499667052 0.5270027164362008 0.06502085731913199 -0.0681391287767461
0.29615282627201034 0.2079809644831807 0.0541037833055622 -0.12304725880926659 0.8489679128783523
4
0.20383758610208602
0.16297926516221684
-0.10968125622984615
0.9829507773792223