2
None 0.11816730432142508 0.7942975761789275 -0.23599082266076987
None 0.22753974521084142 -0.1761808393338482 -0.9327767177509403
3
0.7032766684542917 -0.8766736801481212 0.9036686194442465 -0.8500588757699656 -0.5251286862952285
0.9149231032660947 -0.7667492841703083 -0.5241067728235338 0.543930131983418 -0.2346912600181008
0.031233204351345245 0.36988148411258326 0.43289972812396726 -0.18691474238663153 -0.15933901286989816
4
0.014791569185224063
-0.3870953513228852
-0.963388933114451
0.2827375130800751