2
None -0.04424049935387697 0.6768644809802564 0.9918544659040094
None -0.7639693706622865 -0.9976686171808677 -0.5205861135441672
3
0.7718455621433931 -0.00212797801829967 -0.6243312554942719 -0.9039387896147517 0.008674919847607931
-0.14839764291068858 -0.01465554200755581 0.8953322215222461 0.7469391347218926 0.6585674140501356
-0.5673718020889211 0.24169581743871627 0.817618385546895 0.7792857299515712 -0.24001683452043898
4
-0.6851175237790301
0.2395265813374683
0.030096340859486537
0.41823426755333326