2
None 0.2661672215827735 0.6018021260283137 -0.6578775728818524
None -0.27231580913006637 0.4821319016282444 0.9725926298724716
3
0.7975986694032569 -0.15023286369703648 -0.8845273303934627 0.45901464836409045 -0.661181021702083
0.8158401587034521 -0.08225667044196738 0.934035754347599 0.4199811309846011 0.7481025869982019
-0.5790322224869522 0.45991593926638874 -0.9655724150013378 0.2925139927053737 0.9753261457208668
4
0.36653390622465687
0.9113331704514429
0.6298570052967676
0.3972011183555779