2
None -0.008343903828083254 -0.9204158262994515 0.383741032706731
None -0.1008446048343219 -0.9721827701378605 -0.6397723585607136
3
0.3677600223345545 0.9185385098864212 0.6449138066020688 0.7430278188483048 -0.9481712050714246
0.23298935727387238 -0.06684575813197147 0.12820135065880267 -0.9173583370554619 0.49824456186016963
0.5595979402911175 -0.050296193767591424 0.4819431537419705 0.5447978669603666 -0.31681633563946554
4
-0.13338590867412625
0.8484107993958516
0.9772428667246458
-0.39873376136370675