2
None -0.819778185136419 0.9005254416249875 0.2873447656749084
None -0.21139410928373525 0.08131435047528623 -0.046970867877328404
3
0.546938725198189 0.018524231006116443 -0.8475533667954818 0.9771910553152519 0.37385814777729
-0.23234295099105795 -0.6249683390772636 -0.07226033998697923 0.7808456186799679 -0.34595784504565863
-0.19534997534011556 -0.22493463187526652 -0.25938948680050644 -0.1902252574226988 0.4731274091791924
4
-0.17251683060019185
0.44525897176686224
0.31110857263397773
0.6463673022361078