2
None -0.08431903276975117 -0.2793847249037906 -0.6256937877328157
None 0.06967072679948716 -0.520205459444433 0.703213461957557
3
0.46391068738721697 -0.28350190127858177 0.31806538583506994 -0.9078782733772652 0.8019483586727827
0.7928878773552506 -0.7276530241253729 -0.47235756496813663 0.05046699130595522 -0.6551175457315617
0.8562714116945709 0.4421505316026433 -0.9749667339138719 -0.14183149760428226 -0.5744262751055986
4
0.8310726916798676
0.27573637933889805
-0.9283865765242714
-0.09310659338979876