2
None -0.8938295112127634 -0.05275074256116952 0.9911867739784839
None -0.4138877055341581 -0.6030617603405115 -0.2633686074243198
3
-0.1927146711411527 -0.6579903493341321 0.406318782117443 -0.015615957781536682 0.30893648876925406
0.9048685814768529 -0.2232455081423821 -0.8766565331269265 -0.4888855696272605 -0.7998844550839901
-0.8668775022776161 -0.8681787762070139 -0.31716307281152534 0.45163308249355616 0.18748267408569896
4
0.8675311115714495
-0.2801233991116481
-0.5703140564059694
0.6438452240610792