2
None -0.4233619078245441 0.3119267321772785 0.08546364291826891
None -0.6805618693851778 0.9196924831254305 0.0033956284776375245
3
-0.8132752745959837 -0.3320277434267189 0.7023033778703007 0.9106798463270205 0.5291804984548494
-0.004978478224848315 -0.5277057131187719 -0.9471562948816299 -0.3852646300418885 0.12339249133066432
0.13660358495694114 0.5858573519073977 0.8112287786481185 0.7344564442031298 -0.1639864022644857
4
-0.5367995264737246
-0.9160080675199147
0.8013871437505606
0.24309786881238615