2
None 0.4453996456501239 0.7666185026164636 0.7851170330481803
None -0.5515473082443854 -0.8105929260260114 -0.042037601437176386
3
0.6566525408078046 -0.03747990992375971 -0.9895101494958143 -0.011671825861549356 0.44463232338509173
-0.3113769346284332 -0.3293652543340577 0.4996387440133696 0.43936434319206685 -0.16436062047943678
-0.8712516817298783 -0.07068440793792474 -0.839890813126352 -0.11268309605818438 -0.4451425977407095
4
-0.9088817584889557
0.7283692200884571
-0.9114309352177441
-0.8447698929878984