2
None 0.24679366365974476 0.5656859653016022 -0.8473656397914218
None 0.36204854328278535 -0.6118296791273514 0.7899417809019085
3
0.6186986819089264 0.8181093849380809 0.9360695352731863 -0.48690512685348475 0.702966495740565
0.10616071343481726 -0.13150541188713438 0.8176502185311241 -0.29879464100011965 0.9443600443380018
-0.6724452165427024 -0.49639371003956545 -0.7137404599962063 -0.7420450977091513 0.9706014178301636
4
-0.40464807776215417
0.8593508633424829
0.2599688414698573
-0.667516915464369