2
None 0.6998653641885229 -0.12731662990280657 -0.48480561429324
None 0.8473735529640924 0.3450077174513497 -0.4055815167054415
3
-0.8247712382511045 -0.6247881941146798 0.05860208048179438 0.32821393453109193 -0.9274881416316652
-0.6362924201801996 0.4515643959052569 -0.909571586855124 -0.07732310356503747 -0.11725587319318187
-0.4765004936141408 -0.7111980515791034 0.6907942612500209 -0.9841317113320631 0.2580235562070472
4
-0.31737325409000583
0.3009241595307355
-0.13253370713644075
0.2572411313224541