2
-0.9730814900399416 0.7383557106830465 0.5283638996339104 0.0330495940656641
-0.5950180733151307 0.5629630721937335 -0.9741661640375587 0.16387367561447475
3
0.12467830475434427 0.9882861407186763 0.13604344215936903 -0.6804180988702149 -0.8906011210670468
0.1258017964727567 0.9780507477033509 0.3446620950917967 -0.4175366703287995 -0.8946745093877932
-0.005171592233722544 0.11043744410576428 -0.10596015605262732 -0.3537910697141311 0.9975372020433595
4
-0.6412794578574232
-0.27719412701243873
-0.6066299711618843
-0.13338325461243206