2
-0.6898327445279313 -0.14475493334953526 -0.42073579661966876 0.24682703732110256
0.3041508850434229 -0.8250580987905043 0.6754246922851652 -0.28302455887060574
3
-0.504350156307088 -0.2553260434116764 0.10946210892857589 0.31782085506936886 -0.4003794792881341
0.27955358958768706 -0.022195636748686853 0.7212793386808836 -0.18788270972759724 0.8085030296339542
0.742648244327639 0.09443961994489358 -0.6388368037566483 0.03985539737232857 -0.6418555386293379
4
0.9181013657877324
0.26810289928207154
-0.7889287699768546
-0.21841744305100108