2
-0.08749714200273928 -0.09967803314302759 -0.279885228315667 -0.4855184415855389
0.49300006785939177 0.11872275288751855 -0.3168930096764411 -0.26581095300627755
3
-0.20057587624944984 0.6354776330148282 -0.370221306084747 0.5299518030638493 -0.05668151302570368
0.01145322973201579 0.045168952969164344 0.8360405342323374 -0.8069648944724592 -0.8502726258253215
-0.43519460179147784 0.7807451130901064 -0.017273045965614076 -0.46557857938232106 -0.9326904817777819
4
-0.7660599422263095
-0.6596365729519491
-0.46833820584419206
-0.5714359648574745