2
None 0.5875464728823905 -0.590374081328674 -0.08362446207292717
None -0.6668797448524828 -0.017740587636864147 -0.35412530604102255
3
0.09809312632364597 -0.1988137938722716 -0.44197903826361307 0.7262653788109454 -0.19673949348003505
0.9636724164940478 -0.7492083315514739 0.3445120488639397 0.9589946112146606 0.6684674503628274
-0.4147957111023832 0.764767354335282 0.7635345884996965 -0.6624419687966501 0.592649039585152
4
0.3611698910874319
-0.3362542767306911
-0.4373401287349412
-0.9070939837804581