2
0.47649674535413467 -0.8929925520833093 -0.6413189345982016 -0.0023820048262241933
0.9530550108276898 -0.37616686697939783 0.9120305108606086 0.8576007172443534
3
0.2551256522095371 0.9304111745314358 0.48752652427347876 0.5290641199653507 0.8380677709644748
-0.523776582770991 -0.8620654838877995 -0.6226802216777012 0.058224260225388624 0.7954440727051117
-0.7468460294238319 0.5342493680258671 0.945991124068174 0.7110669503426499 0.860534670339385
4
-0.6248771217581035
-0.6382085790203622
0.049303879720351995
-0.2490557459144187