2
0.2429391792906006 0.12747478622640007 0.9325320596320126 0.03279690223626086
0.22183921659960681 -0.16504989231838518 0.5574435632806682 -0.5046408213666773
3
0.1645125268794594 -0.10764524187814906 -0.5835718904187557 -0.26324772307088673 0.7535376433849938
-0.6446892535289106 0.9448559165216757 -0.21502170728481684 -0.9405536592151333 0.9565526226383358
0.12923374907946195 -0.38651552571454695 -0.35872422847508534 -0.43315655644083173 -0.4646630349342751
4
-0.33804181641575615
0.13796388149054128
-0.36317816562040695
0.7668403572360314