2
0.6040369053091859 -0.6275755886371572 -0.9735083294261351 0.3963533074574386
-0.6279944323068898 0.1343860987946135 0.8677782419916862 0.8257217835056501
3
0.00940004204819389 0.6479861894089793 0.9132350218910195 -0.5803325513821398 -0.28016827081659823
0.20047449337852075 -0.30480738187399603 -0.6295987303208537 -0.3818269215323935 -0.15371434322278166
-0.9171849982918641 -0.5173466178998414 -0.6471396506374569 -0.91952305938956 0.6381393007527005
4
-0.8630238083073887
0.3868353651488632
-0.6723919439724086
-0.799069852838199