2
0.23355861749792117 -0.37467094065472684 -0.04958135620714654 -0.9376194349591702
0.787198119530804 -0.10096779826850266 0.4985542006972252 0.1843701266489337
3
0.637694908508456 -0.05888100593941337 0.2678672576177903 0.3407184821948428 0.8951811121430941
0.9898616444314818 0.06837976770235099 -0.17273312562444598 0.081008775604688 -0.18155106482223582
-0.6874989361045241 -0.39307995835120013 -0.9832765148479441 0.33977879081290263 -0.16281748285590525
4
0.16352151876783672
-0.6309064004181129
0.9327984168725247
-0.012710748691921347