2
0.42914175258921095 0.4250369592675809 0.10999727440169393 -0.6988815680930045
-0.7046965349372103 -0.34815832358149135 -0.9676680209300175 -0.822891973241715
3
-0.5324319554050239 -0.9409967728483761 0.835090364644612 -0.7542368340736334 -0.6652508788962908
-0.001645852051402219 0.00943127251607212 -0.00824917861528518 -0.4005818403242545 0.554885675960924
0.5391548748903152 0.2899653459432854 -0.533615668920282 0.7395793889694953 0.4036030729419202
4
0.8956759835812991
0.34862045751953774
0.570838815977315
0.8204697189423027