2
None 0.32765739393579896 -0.8502445857325476 -0.6697827692182055
-0.1422813229047839 -0.22155643901903788 0.3377597673136761 -0.8126671517806849
3
-0.33084665047102635 -0.2702492377632373 0.3151749251580278 0.20044319074773487 0.21430956127990397
-0.04158934490117416 -0.12195049093628252 -0.8585126047464915 -0.667162908143164 -0.46617351561068254
-0.11178905302133924 -0.6944179472670071 0.31436727088603944 -0.5557214666961352 0.837107867607789
4
0.4059419609925461
-0.7760649065232288
0.902957390217731
0.0037365891144574004