2
-0.09888372522185018 -0.18627217255955264 -0.5395345909864127 -0.5163746255697552
None 0.5527522651631707 -0.21241235083520826 -0.7366497857605427
3
-0.5040896404814978 0.5391176823425043 0.22302812643535863 -0.6715080850830233 -0.20088332772688466
0.07799891757505395 -0.29113474205323664 0.9341963137091718 -0.7739283849152265 0.771824936812614
-0.7083730376617237 -0.7119091305067429 0.3244787467289767 0.689816388669944 -0.029664915868149233
4
0.6078536035900304
-0.09448788401822839
-0.4632169115571505
-0.07509884073572204