2
None -0.4692974802506855 -0.128107286202368 0.37059139556311527
0.03094609471211962 -0.4329790398572182 -0.3814953059560966 -0.44311368043896326
3
-0.36758901514227404 0.8903808083510256 0.7492598485423905 0.9240807172867924 0.8982876780267837
0.4609261778676286 -0.43249378037431696 -0.5001855769771186 0.11843897380695267 0.855622799547747
-0.9807326400251111 0.6665872884365986 -0.955124576215715 0.5052268440513492 -0.38638851118000805
4
0.6526481764431482
0.02362531584695371
-0.1850563190767025
0.6055505383529427