2
0.22560963102854048 0.33179892520029797 -0.6351655320405944 0.19559285714352725
None 0.4771685353291797 -0.29100225558263637 -0.5218767937609945
3
0.6991268599049905 0.43682100960665693 -0.9274988259191081 -0.7257451327311559 0.10688066929273532
0.5479785078062411 -0.33460037547828714 -0.8428868545509647 -0.801341622118743 0.014846790964417433
0.6697639281680592 0.08459629303866789 -0.724341192249145 -0.044773219098034334 -0.431259483977124
4
-0.26858030873446204
0.419392725785406
-0.4250221021327416
0.21635566553358032