2
-0.8851660206903531 -0.5830668670821282 0.7030149903110348 0.4445734608114762
-0.06805354214227877 -0.3142516251986509 -0.41899866095915295 -0.4590547603343995
3
-0.7102708451849009 -0.5383914707540389 0.14146029243876823 -0.25320725417715373 -0.6152398355643893
0.7796839859645677 0.7157328760619164 -0.7392821551446798 0.16524097500948765 -0.9320447395108693
0.6563148395535987 -0.5982639068302342 0.7006475239564947 0.8155278726308552 -0.2833965198477282
4
0.6733355159601728
-0.7620490401200215
0.33455710753526047
-0.06843522423842496