2
-0.04940231106779813 0.25413701834225333 0.9968647444805527 0.08311788009692789
0.5397240095833113 -0.13801280616275546 0.9348534173271084 0.8562324006091191
3
-0.2654708845931455 -0.1505669076291234 -0.8570647176878605 -0.9428552478607839 -0.3211094308871998
-0.5992572232251308 -0.6669829132707676 -0.7772120636778346 -0.5900897317773093 0.7112458511968076
-0.6923030643247128 0.8635333955195013 -0.9599579537819756 -0.8002938721404025 0.23510647608334767
4
0.0392927220903494
0.5692546298194423
-0.4676618199907938
0.6069669751162852