2
None -0.014387647624849453 0.3693282906254749 -0.36775459773660546
-0.912914143828573 0.8611786630797942 0.9917233848865807 0.43587772842700456
3
-0.6168339063886898 0.6423664022800284 -0.19272586969310823 -0.831459372199606 -0.686582480182331
0.12071485167661367 -0.07323760521464906 -0.009738886821103243 -0.21916141070981277 -0.533962125329289
0.8492437528827417 -0.36006840047334343 0.024295289877847237 0.46060739052136634 0.7766753600127769
4
-0.8477331238926396
0.7632448296029295
-0.6639279840810297
-0.5020203681284789