2
0.12073347132755408 -0.28842575849212504 -0.5696000031622601 0.03469848102385398
None -0.6998242186496599 -0.2753187218114448 -0.847406365543605
3
-0.1511413850332708 0.3635730280764464 0.0707842788197437 -0.23438272626289303 0.8990527005724576
-0.6111586939621947 -0.9052314712355161 0.02708764891258908 -0.12842160928996016 -0.48134638946183617
0.5798623307116451 -0.11704531033911003 -0.634641086886953 0.6804315458491401 0.17591828389370878
4
-0.029429143496761734
-0.6337793938756255
-0.6552430103205102
-0.777344213031985