2
0.07753092200883427 0.12747478622640007 0.9325320596320126 0.03279690223626086
0.7386313540439933 -0.16504989231838518 0.5574435632806682 -0.5046408213666773
3
-0.38923700571954556 -0.7228287084886218 0.7437556503537379 -0.9934026364010018 -0.9729446105982933
-0.48011511447418265 -0.007072273571516519 -0.07563838711358062 -0.6714542597264632 0.6392058750392668
-0.43822568382630567 0.5239483649797403 0.007141524952224199 0.1516420334469959 -0.2024772074952237
4
-0.33804181641575615
0.13796388149054128
-0.36317816562040695
0.7668403572360314