2
0.6924700959304815 0.12747478622640007 0.9325320596320126 0.03279690223626086
-0.7419518092234421 -0.16504989231838518 0.5574435632806682 -0.5046408213666773
3
-0.21590067667223867 -0.7045715789196738 -0.8501891442770433 0.280920971974538 -0.13318199202268666
-0.3653686411428769 0.5761420836511157 0.12277727857924403 -0.8858278870426572 0.5296007247538503
-0.09370106573059611 -0.11285375574521006 0.11849999222391516 0.7625849520873058 -0.7980102335797674
4
-0.33804181641575615
0.13796388149054128
-0.36317816562040695
0.7668403572360314