2
0.6385032991257993 0.24183425130347258 0.09461751854230305 -0.8244734351021563
0.6271615113234648 0.36961106161645607 -0.15258335850806137 -0.10150614006239023
3
0.5989241662215492 0.84122010180755 0.8990122593407244 -0.8443807790621138 -0.16166282419714473
0.5845057936787408 -0.5353862092367878 0.23681842449901502 0.6893910187335397 -0.28467319594564344
-0.2795750411762241 -0.3672752616198951 0.9986323747182586 -0.45299107800837213 0.12537098800550872
4
-0.6563959859862281
-0.34078294823629673
0.6716626760214941
0.674434732661688