2
0.4321254504547274 -0.8340010019600825 -0.1182771467272501 0.3199417562747946
0.6974699128013389 -0.6526933070739309 0.15837413957074964 0.38341445903947813
3
0.14072623617653202 -0.5731654877283796 0.4418630312630649 0.7069721171377623 0.11085705077987784
0.06315027356070257 -0.9566846070032611 0.2594008246292978 0.16079426388436202 0.009777872429410195
0.16854647823672497 -0.434935146182744 0.13622535624921395 0.9766196873534811 -0.4609330118293802
4
0.7810913873589169
0.9641236754822644
0.8494886823504066
-0.20854040148127218