2
-0.4172409583207455 0.3564680471004258 0.41628605325228674 0.17037575962621254
-0.910575784659877 0.30158464803828666 -0.3904749102214744 -0.46450424483483443
3
-0.6498989934891655 0.936373100463058 -0.5774784133367075 -0.4648137965010779 -0.6634894517909382
0.5430916344919994 0.7642338553601342 -0.17105104780388314 -0.8633010404111681 0.8168292880128343
0.30772975659983204 -0.48056436387661017 -0.9460067553621547 0.4034395707247471 0.24745856456315707
4
-0.06540927054360002
0.6903947151425243
-0.9609231621513812
0.8376761366765841