2
None 0.8150089993496945 0.07986888601570463 -0.7662934204273553
-0.6852810690085722 -0.7001490260989647 -0.2793696418196181 -0.964254166093161
3
-0.45724620365974 -0.8503125560429057 -0.11797524273917159 0.8914951585108635 -0.6453421691726926
-0.40840831239154096 0.027552094419394546 0.6838206436212295 -0.8932558764303897 -0.9428224733595689
0.22425370358107144 0.6484597522929842 0.6514846644870009 0.7562821346761097 0.2294202990177996
4
0.5548660756498194
-0.5661865730142912
-0.8230778952918381
0.22450073079161048