2
-0.44307872834305106 0.11836520159372999 -0.9916346626899921 -0.289349490356392
-0.581639325450579 -0.6853542876525045 -0.627420077446375 0.3557629026448028
3
-0.9601821027723467 -0.8637325678447254 -0.7550071191062913 -0.23265158598096924 0.679657464518522
0.379964689222537 -0.16612851506648796 -0.3709605346107063 0.6877904647458621 -0.23571080037016823
-0.8868644264191436 0.6860994848363955 -0.9175974812640444 -0.9833279091937381 0.9704859147648222
4
0.4441111900572272
0.3416075750015486
0.5668315116065301
-0.8263886361413728