2
None -0.9438208873715273 -0.634960853999416 0.3264846465502391
0.8512451499404319 0.11620899119114769 -0.45020476199220205 -0.9415639739998856
3
0.596645495452244 -0.6784656292497948 -0.9496716694464731 0.24603488422413777 0.3115069463301092
0.9228921940292691 -0.23723681154620047 -0.8046705008515072 -0.2902450693410006 -0.47744196380399573
0.7679893960756978 0.264803276385136 -0.7410814603970646 0.9403762097943318 0.5389605596016012
4
0.4246036890524798
-0.8269622609038736
0.150172069347557
-0.7047169777936151