2
-0.19714128519245988 -0.809164434422273 0.35852541658643267 0.41637001795954265
-0.801937036638251 0.8428357557705777 0.32217170884229396 0.9388253250478773
3
-0.9205702278754377 0.7243328983762594 0.0649279576710422 0.3435853192409484 0.8866622103493822
0.3866425126249804 -0.22776379554511084 -0.35979012088479156 -0.008771312161418576 0.04398054725581968
0.43968350757608055 -0.12354520584551532 -0.7312185131943527 -0.4104160162535082 -0.6031909152751957
4
0.08041977682106194
0.7527389860834597
0.45212009764804706
0.606813008600932