2
0.7207008622442468 -0.28842575849212504 -0.5696000031622601 0.03469848102385398
0.8104704671730036 -0.6998242186496599 -0.2753187218114448 -0.847406365543605
3
0.7012468981205187 0.13457204924342392 -0.15745204089987497 0.3172106330700333 0.9361941157815752
0.6093974467263763 -0.9071292495203254 -0.8727207814177727 0.4768872952785408 0.005158414841442749
0.7670189861482979 -0.9820269799500789 -0.6653409139721904 0.15728815618057834 0.6960366195305077
4
-0.029429143496761734
-0.6337793938756255
-0.6552430103205102
-0.777344213031985