2
-0.09652710605208425 0.7981589144760355 -0.08367253677968134 0.10018786591132134
-0.12815158818581396 -0.4952971801227646 0.31546531655529875 0.44966574731513687
3
0.9363747118438606 -0.9895539908015929 0.19151591759810627 0.8504420248861397 -0.1382593460079682
-0.3175705188012157 -0.4200467412178792 -0.7049893360555517 -0.7347723116036808 0.5088458832639327
-0.3765518660367475 -0.24125751388228567 0.32043694650431087 -0.24415289286525432 -0.7870990929400035
4
0.45298084374124237
-0.062393470423763864
0.4096104466384767
0.18746353661152515