2
-0.2038644319110181 -0.6275755886371572 -0.9735083294261351 0.3963533074574386
0.9764634373784482 0.1343860987946135 0.8677782419916862 0.8257217835056501
3
-0.20027526746595248 0.4859242412049547 -0.18610269042369487 0.07876543409696057 0.227565915465203
0.16233936446975528 -0.8318488145868637 -0.6285190311503097 0.5971858793446561 0.11527755006214768
0.47772854464297865 0.7285750790351635 -0.5468198937634356 0.5092742505323526 0.4483696920770526
4
-0.8630238083073887
0.3868353651488632
-0.6723919439724086
-0.799069852838199