2
-0.9628335538940409 -0.28842575849212504 -0.5696000031622601 0.03469848102385398
-0.9896602725516441 -0.6998242186496599 -0.2753187218114448 -0.847406365543605
3
-0.21159460186470724 -0.9261269286445653 0.12393324214825907 0.10301923321762563 0.8374370956862611
-0.26111887086414187 -0.006699106837506852 -0.026663347028008877 0.49008129616715324 0.0002644216103362407
0.6830506430483145 -0.9269824391158941 0.2832077970347944 -0.8202517081541716 -0.19986738107684476
4
-0.029429143496761734
-0.6337793938756255
-0.6552430103205102
-0.777344213031985