2
-0.6830455843246337 -0.38937491374537503 0.15918610046611525 -0.5121095406764087
-0.3788031182584781 0.08801473698997553 0.5997322979019406 -0.36608189803860514
3
0.6064403635200699 0.31160883342193557 0.06216722040653799 -0.47519408749800607 -0.6497771024600856
-0.18358890653955484 0.39365407948697473 -0.3644036694749344 -0.9720275974632664 -0.08865714807948288
0.9710673143186972 -0.2874427329281868 -0.5580471408893142 0.8440490359207102 0.31509647199704105
4
-0.7481898074581674
0.28723602723557473
0.4750106231246811
-0.336034485196552