2
-0.1340676925684814 -0.28842575849212504 -0.5696000031622601 0.03469848102385398
-0.5282942510541737 -0.6998242186496599 -0.2753187218114448 -0.847406365543605
3
0.6984651615609998 -0.6719889242960513 0.3021490338880579 0.1186135384685405 -0.2609179849609924
0.8162495981515159 0.5636345208412485 0.08020659175619538 -0.5355800288488437 -0.9504105871882269
-0.10357358943679529 0.45045291784140473 -0.5386817224416436 -0.5060736064537643 -0.30951133046795754
4
-0.029429143496761734
-0.6337793938756255
-0.6552430103205102
-0.777344213031985