2
None -0.6700646051151296 -0.677106651083575 -0.4077659842101413
None -0.5540288354404597 0.26419471537834927 -0.19468075840642274
3
0.1921592676944186 -0.5886042362329895 0.38656664338177293 -0.2426113264110239 -0.1837183779100131
0.4529285001300738 0.9182085799350004 -0.9890923390516773 -0.6141496639509134 0.9212292672414075
-0.6311964369826233 -0.26773228121799786 0.9590162611102033 0.7124053406717643 0.10139094116551117
4
0.5824035478450909
-0.5301389217522472
0.6624762829893436
0.03307092125015676