2
0.5286494174131944 0.8911704607561934 0.3202382054070241 0.6355212009513165
-0.12243795716808581 -0.9502810423821715 0.9812078914035687 0.4816661843405121
3
-0.8690481093187343 -0.37477295720504333 -0.5291314649375318 -0.5154517577494013 -0.05897177008297927
-0.15159402121742716 -0.8593828733038635 0.47987259856234776 -0.4027833035048216 -0.3307478867720963
-0.8117243348229781 -0.2818421211465474 0.8265352409696671 -0.8054999950523309 0.49751026366657647
4
0.15817632461748965
-0.4243671000305411
-0.13293102400069023
0.6148627263044415