2
-0.2951244512244837 -0.04424049935387697 0.6768644809802564 0.9918544659040094
None -0.7639693706622865 -0.9976686171808677 -0.5205861135441672
3
0.9158782533082586 0.5408496799749474 0.45425814450382074 0.24698770998432185 -0.7792677280723757
-0.14839764291068858 -0.924352657344286 0.7251834483651305 -0.8690652243663457 0.7314336683150773
0.2107531310978239 0.8135455026822702 0.7659594304371555 -0.11544428457972278 -0.43103525043884083
4
-0.6851175237790301
0.2395265813374683
0.030096340859486537
0.41823426755333326