2
0.8569001611176574 0.8693984998429944 -0.6315860307504735 -0.30582101285113783
0.06152891107572733 -0.42342768248342155 0.0412005074648345 -0.5294812534345226
3
0.4491864712353839 0.20418734792899773 -0.6140561881148558 -0.41721222494806587 0.7598044402040918
-0.5215163728100336 -0.9919806981245265 0.4336371352904147 0.4222262063003148 0.3119846254919054
0.5050008141912627 0.6382275069260102 0.3662364570434822 -0.5277912615722771 -0.445891615728917
4
-0.4481153507059208
-0.37487476548606624
0.45215897255714577
-0.6479840313793814