2
-0.31885242971803995 0.7833776704222775 0.7412180430208744 0.19637364670299262
-0.3857339337456973 0.1425706607924775 -0.7515929188597039 0.9147132692275985
3
0.8631429338210499 0.8396504540528833 0.0014151295988762413 0.2755798554102453 -0.9856454742378506
-0.6454014340732637 -0.5938018397226268 0.8679350722489072 -0.5355162548568362 -0.10988405660253386
0.23354091190654547 0.9332654444276218 0.3887332590411272 0.35309126322139783 0.3873939225892522
4
-0.1286746558177707
0.4903903513131318
-0.5530373338381829
0.8470224508910493