2
0.4629241160061064 0.3564680471004258 0.41628605325228674 0.17037575962621254
0.9569346239327885 0.30158464803828666 -0.3904749102214744 -0.46450424483483443
3
0.9198017515371957 -0.9016920030592563 -0.7996566165914267 0.4114569134180053 0.9815222266297037
-0.7894266663214506 -0.3555869222590342 -0.8021888486259228 0.6681767627374968 0.4760112872076798
0.23851854427220376 -0.1041130787621154 -0.9973843355973171 -0.2365237134205238 0.9361509100719021
4
-0.06540927054360002
0.6903947151425243
-0.9609231621513812
0.8376761366765841