2
0.9084046596000295 0.3564680471004258 0.41628605325228674 0.17037575962621254
0.14478456628827252 0.30158464803828666 -0.3904749102214744 -0.46450424483483443
3
-0.3327208963917496 -0.9016920030592563 -0.7996566165914267 0.4114569134180053 0.9815222266297037
0.20492578993192212 -0.3555869222590342 -0.8021888486259228 0.6681767627374968 0.4760112872076798
-0.5445776767160482 -0.1041130787621154 -0.9973843355973171 -0.2365237134205238 0.9361509100719021
4
-0.06540927054360002
0.6903947151425243
-0.9609231621513812
0.8376761366765841