2
-0.12033682742851859 -0.38937491374537503 0.15918610046611525 -0.5121095406764087
0.38496075681464426 0.08801473698997553 0.5997322979019406 -0.36608189803860514
3
-0.26232172679516763 -0.2557904471725352 0.7260122146391774 0.3345166165678086 0.4237800908120748
0.598238841781821 -0.5399039038495355 -0.5096068748090479 -0.3266725114126028 0.4652930698960014
0.15823008277420536 -0.25333232324100163 0.8924036292326005 0.013467945300265072 -0.3997131684186175
4
-0.7481898074581674
0.28723602723557473
0.4750106231246811
-0.336034485196552