2
-0.7225112463077248 -0.38937491374537503 0.15918610046611525 -0.5121095406764087
-0.9253583957316875 0.08801473698997553 0.5997322979019406 -0.36608189803860514
3
0.6487329768100194 -0.2557904471725352 0.7260122146391774 0.3345166165678086 0.4237800908120748
-0.43008834503806437 -0.5399039038495355 -0.5096068748090479 -0.3266725114126028 0.4652930698960014
0.001384433870302182 -0.25333232324100163 0.8924036292326005 0.013467945300265072 -0.3997131684186175
4
-0.7481898074581674
0.28723602723557473
0.4750106231246811
-0.336034485196552