2
-0.7576650453772307 -0.38937491374537503 0.15918610046611525 -0.5121095406764087
0.6118625984866097 0.08801473698997553 0.5997322979019406 -0.36608189803860514
3
-0.1367370751370265 -0.15900369710745488 0.6434564062080672 -0.3226567357372896 -0.3290926796426581
-0.3018924477601528 0.908972011085933 0.8102841685921933 0.94680401158027 0.4290963802091503
-0.3345088066380115 -0.7357034907051774 0.0676227506999918 0.2836260622830018 0.7728962009425187
4
-0.7481898074581674
0.28723602723557473
0.4750106231246811
-0.336034485196552