2
0.4127191265258352 0.6187166289844872 0.9437900644675454 -0.4175161236931699
None 0.08570071829453085 -0.7973925359188601 0.531808088620362
3
0.9530911950058869 -0.3878766348065441 -0.9885773265703508 0.2397389385570341 0.23948339776865035
0.1923249191165468 -0.008882422239989252 0.9268608578723796 0.24592901751849428 -0.5176505682590447
-0.8784774989150681 -0.9645268822828814 0.707980792101151 0.12757585477633127 -0.1572876518801407
4
-0.41343171784936894
-0.3963786336596511
0.49228655824282574
0.8085009390327769