2
None -0.20763765968149084 -0.22601972825438033 0.018041784589135856
None -0.296760194823537 0.3769098089576288 0.3021637913870743
3
0.016795893628263947 -0.6197224126004293 0.47423372799030306 -0.050818010749402065 -0.3428361177963035
0.4805044066275066 -0.41105786592656757 0.21893859794800274 0.8523806637188569 0.13721620653784194
-0.38153772769013483 0.7561230514496109 0.8621253605708541 -0.1537208126850591 0.9735724507451122
4
-0.3180152359458239
0.4819000876291528
0.9268876055478337
0.640085807517321