2
None -0.9832386002273137 0.0022326299054817866 0.3098003564767382
-0.8777959218681406 -0.022113680262958235 0.5496824325129046 0.7588455777488974
3
-0.36542985240795534 0.2745905713589152 0.1330748465626006 -0.9934206485959225 -0.4027855299747849
-0.5069621557030382 0.9004581532049942 0.4116306216241392 -0.0575536921690778 -0.2200331163418503
0.041451507624234996 -0.02072469549982081 -0.8627797459228916 0.44129770630400267 0.1602784620245834
4
0.42991062802829094
0.9701506727958187
-0.717379281130323
-0.35269065063182925