2
None 0.7260055996118442 -0.21008775404704427 0.04425710752585599
None 0.5645228812107113 -0.0791903349976728 0.361417865715173
3
-0.8559817654204966 0.7869582414123997 -0.4202421840732351 0.29705790350979333 -0.08658017392604345
0.1818784567509335 -0.6082023884756504 0.5947331170773615 0.7826644623265346 -0.9296225218564631
-0.1966543422598086 -0.45408497953214577 0.33092018450387095 -0.37215148551833876 0.5205352267024324
4
0.17740314660148426
0.4234091491143803
0.24165223713510797
0.6203982910926154