2
0.7238781452722141 0.9103348360153543 0.033408787657911 -0.5399648970119357
-0.6735034764527545 0.7946982318233613 0.9019316695966191 0.6959730274045732
3
-0.767275375246973 -0.451150118106858 -0.432042640209239 -0.7484063994554806 -0.9702478331879885
0.5139756957652866 -0.9549902079878827 -0.7480225128000093 0.061072045840368405 0.9708711353580013
-0.28230606533127056 0.32993586010942266 -0.8498427652522644 0.15406824288705145 0.6107944587968688
4
-0.7773625322215356
0.7680957133821369
0.23717022423284817
-0.32460865727829713