2
-0.4028826223330735 0.25413701834225333 0.9968647444805527 0.08311788009692789
-0.18143033037615308 -0.13801280616275546 0.9348534173271084 0.8562324006091191
3
0.3504676837269338 0.8769815500927451 0.9234574625171013 -0.03138150032738518 -0.5338217028337342
-0.8110541472253536 0.8801635960179279 -0.5077197007546532 0.6550808471062957 -0.5819098571202688
-0.13742153917940647 0.5044571711474484 -0.38727875515180643 0.5826918930681855 0.0801673638662943
4
0.0392927220903494
0.5692546298194423
-0.4676618199907938
0.6069669751162852