2
-0.9900606030229908 0.7833776704222775 0.7412180430208744 0.19637364670299262
0.27957204839592764 0.1425706607924775 -0.7515929188597039 0.9147132692275985
3
0.45623930990233075 0.5603423986882896 0.25957467286827174 -0.6038914509572422 0.6288331219608414
-0.26124355876120875 0.7004963173778278 0.629519274074031 -0.7669059947684329 0.5752994606381836
-0.5601969701340275 0.4491039860094519 -0.8375922583696669 -0.15202141444818418 -0.30762790934743434
4
-0.1286746558177707
0.4903903513131318
-0.5530373338381829
0.8470224508910493