2
0.9293324344289833 0.12747478622640007 0.9325320596320126 0.03279690223626086
-0.7853068963667633 -0.16504989231838518 0.5574435632806682 -0.5046408213666773
3
0.09248046848891978 -0.4876713406545894 -0.4411928397413105 -0.004972412617932465 0.42455737547619465
0.9751209426843577 -0.7537271085347133 -0.06685708515267619 -0.48520147253675416 0.2629971042503747
0.699160320405178 0.7109303364108335 -0.5469981788439815 -0.3044611916581135 -0.7878295332516683
4
-0.33804181641575615
0.13796388149054128
-0.36317816562040695
0.7668403572360314