2
0.0408521554597574 0.7833776704222775 0.7412180430208744 0.19637364670299262
0.5828748770202943 0.1425706607924775 -0.7515929188597039 0.9147132692275985
3
0.008561752690529278 0.1733526568156234 -0.7014000536951954 -0.8321361819682553 0.9208210700181609
-0.8597148291593082 0.7752012157245796 0.29771820309691055 -0.4886034553403171 -0.4582298368303095
0.6295702480880294 -0.7550796806594096 -0.7890495325345106 -0.15699283491344773 -0.4264738314804253
4
-0.1286746558177707
0.4903903513131318
-0.5530373338381829
0.8470224508910493