2
0.7271313404716333 0.3564680471004258 0.41628605325228674 0.17037575962621254
-0.1268713454801471 0.30158464803828666 -0.3904749102214744 -0.46450424483483443
3
0.11298727002666853 -0.31811483262209217 0.6749025841262295 -0.17098186921648884 -0.5958697583146739
-0.6933028299311099 -0.821731809270696 -0.5202163421485417 0.6502039761532017 0.053338774961210644
0.13794687300580932 0.769849736009929 0.9657210454438818 -0.04931579924634577 -0.5463110697283196
4
-0.06540927054360002
0.6903947151425243
-0.9609231621513812
0.8376761366765841