2
0.8123213247040824 0.7833776704222775 0.7412180430208744 0.19637364670299262
0.7818893246407137 0.1425706607924775 -0.7515929188597039 0.9147132692275985
3
0.8337049390282452 -0.7640786862878064 -0.7442487554639003 0.2493092674034163 -0.5155439547510396
-0.42083959834347384 -0.23600010352672385 0.6195018903239959 -0.1713207806315522 -0.8219145146708151
-0.5471318110670806 -0.1256016459040914 0.031192135800669485 0.33407993022388904 -0.15777520567826664
4
-0.1286746558177707
0.4903903513131318
-0.5530373338381829
0.8470224508910493