2
-0.10659773960841656 0.3564680471004258 0.41628605325228674 0.17037575962621254
0.613140504089021 0.30158464803828666 -0.3904749102214744 -0.46450424483483443
3
0.6145545609058427 0.23316878160530696 0.7418497024942685 0.13005244582269726 0.9191070098306124
-0.18789485648329873 -0.03712259156355313 -0.44996556393485454 -0.0016448775797859305 -0.6375011285521488
0.39266039325704405 -0.5884931701252101 0.6249320189748255 -0.818244960539843 0.8657897757246698
4
-0.06540927054360002
0.6903947151425243
-0.9609231621513812
0.8376761366765841