2
None 0.6539850525139572 0.6259160237288017 -0.3117130565480224
None -0.7894033479613145 0.790321548409296 -0.7641073856679101
3
0.5306216496921556 0.44736623372064477 0.35140826439663964 0.08564943498866717 0.47416530321892614
0.8459087442816973 0.16371174669354982 0.16732623281261616 0.6393810424595889 0.09876946951708065
-0.22403491385497487 -0.6798291891948303 -0.9054313505584599 0.578431499150756 -0.51006579554032
4
0.9559217900656813
-0.3732991315240439
0.30155130014180154
0.3887073480619745