2
None -0.5452451219626206 0.8226534206873197 0.7116964545123154
None 0.4272055633997309 0.5063674532685789 0.16834018401958173
3
-0.9322897677678823 0.2189849124866874 -0.06050126677525536 0.5708188710892366 -0.6463625413639944
0.8898168525985832 0.11408163249478842 0.7081789813204324 0.675829792226583 0.9897663224459152
-0.5535598305816605 0.7800759213640462 0.5157910374164649 0.6100068077234317 -0.4459450968901961
4
0.4753765235026668
0.9263002586726752
-0.8830627017777606
0.48833170008032756