2
None -0.4079490205205878 -0.7814529705781936 -0.7552921126272734
None -0.5322067835606306 -0.24386266898424158 -0.9893207006394087
3
0.14612604918475625 0.7618088818343309 0.9294577042010084 0.8551600301200308 0.25641590736057296
-0.7900678338819591 -0.18543112122174943 -0.0642795385722792 -0.17826969817491967 0.20499704779366446
0.006735773967211589 0.15626727618902292 0.3761385559948056 -0.06512669658269954 -0.5951316273015825
4
0.9118984704989457
-0.006362715996257817
0.698365898656315
-0.05307351375839109