2
None 0.755252875406397 0.06283335349199537 0.24682722376278443
None 0.6359464389936151 -0.961629811648264 -0.4263075826331526
3
-0.708988130120878 -0.12954820275634082 -0.3815020481394955 -0.2210456742196658 -0.7990415569021363
-0.3756834263810518 0.13651152126233157 0.6487765136095729 -0.34651239312566484 -0.6860226894805974
-0.17153981996872103 -0.7814051917952438 -0.828942053625588 0.7827142920755616 0.09774957693969677
4
-0.7537821442399892
-0.4114341189383064
-0.9842093503966569
0.3779331647405899