2
None -0.32611538993480793 -0.9140794321497245 0.9262490383263138
None -0.16100525878285565 0.6356233546469472 -0.24437587027958996
3
0.24119419515997698 -0.22721727986811335 0.14627338889512997 -0.11711486151104 0.9706487762413509
0.6440880011689443 0.9872566744311766 0.323783226455971 -0.19664112501659115 -0.867461450785364
-0.6681824704108954 0.6703947993594748 0.5423049581880774 -0.7313823128244732 -0.22651309738547676
4
-0.641069893668498
-0.9503671626128467
-0.6109111065470822
-0.24439445027491824