2
None -0.29458082231704696 0.12490987478845783 -0.2242698432748218
None 0.5473827696034228 0.9128360237006137 -0.1974956759481732
3
-0.6707228299792771 0.8390320640812039 -0.6598117283358755 0.9743789417199882 -0.6251745246576159
0.32059788858539373 0.09795268090455589 -0.14258596739216522 0.4598969787775218 -0.04590120752830562
-0.4114436529423837 0.5506096757153716 0.9406600070666529 -0.041548472434682626 0.7431287628908243
4
0.03820348148150865
-0.416135387253884
0.5270070872004169
0.8449238809857689