2
None 0.6716300392978065 -0.6995471718294308 0.10802575363274558
None 0.38490221281120185 0.2969456276530391 0.17260486408619413
3
0.16716205109796434 0.8124918461830457 -0.19565109113296453 -0.06691355841576163 0.7547894447982151
0.005042372923354854 -0.8529792339798816 -0.727318745708297 -0.37102865912044525 0.16269803546306116
0.6789105384689631 0.40476881473104176 -0.7596443200200607 -0.8351034803956998 -0.43312305496517967
4
-0.7169559515547161
0.7242743356073031
-0.9833105456990126
-0.3358236521233793