2
None -0.3045433082597211 -0.07817932464305488 0.6181961620364191
None -0.03976390314373468 -0.37724642828587296 0.1460578231732259
3
0.34183876660270096 -0.28501042873697546 -0.7712064949146031 -0.3899531920289643 0.9193325973758417
0.5345876172646227 -0.40916550743024294 0.630222338345116 -0.7139414933677095 -0.7044598951029426
-0.4938719191987384 -0.5732915237092602 0.1427072383560073 -0.4107566334834043 -0.3722543904065385
4
0.2375169202062839
-0.6816318197375304
0.914751943551414
-0.10841194706637336