2
None -0.28219557006029894 -0.7368704561012371 0.945390554542366
None -0.09006725017793893 0.02652132049608258 0.17704554708981401
3
0.8859470219105383 -0.4218589256315637 -0.36179560174539294 -0.05988950253795511 -0.6383459027382283
0.01886781113414271 -0.23427829377028586 -0.7494977581175737 -0.4977213995358245 0.3618955904979346
0.12912327906523458 0.049130464133356755 -0.3462497140796552 -0.316380877618321 -0.27591126051978265
4
0.8073836771642169
-0.3378890703852173
-0.5355663236831503
-0.06718640865681413