2
None -0.6358831547878474 -0.27687250993474843 -0.3192019785092446
None -0.25825826353014336 -0.5574297158825015 0.8614797642697192
3
0.1608754570197033 0.9059339668017568 0.41819609804566005 0.25901047202038696 0.6394893821168697
0.9440723283550729 -0.6995626397972823 0.6406369865780546 0.09983058021528923 -0.98529223546664
0.9962897649130604 -0.22024388170887432 -0.4663529479059003 -0.5198463830469333 -0.6737041796214853
4
-0.2558829477700866
-0.2017297879976947
0.8186201690137751
0.5154101959788193