2
None -0.7206604881486298 0.7602249423917351 0.06765710377097367
None -0.40745953543953406 0.17005546042589104 -0.20425553294542764
3
-0.5219542803498014 -0.33993674320443223 -0.4436810985385444 -0.620702619581057 0.2968200322188097
0.42914529862492623 0.3350478143183542 0.9731790357363783 0.00970361048294932 0.25686291887073565
-0.7976170847161856 -0.20940632589199693 0.1298590047309076 0.44141927725735086 -0.45244934130664927
4
0.9742545988018949
-0.9160354014195722
0.19316595370085365
0.7545595604625068