2
None 0.06939760241734105 -0.007975776573001747 -0.7702540322336822
None 0.8872168553114199 -0.853221626505231 -0.6120681019653973
3
0.6648562181176192 -0.28259064101557874 -0.5145095538198552 0.4636230572742659 0.031607208892857175
0.8941454551030812 -0.9491985119782023 -0.6393487171058292 0.9955000285940778 -0.8386653850782382
0.3007187464006018 -0.16881953429733754 -0.17591878449867826 0.14682262192565787 0.23415322203367483
4
0.7429496684008698
0.3742119974119933
0.02335895719513248
-0.3697592963717191