2
None -0.7801027629503865 -0.04179929702916474 -0.8628451895025144
None -0.771830940425851 0.9631623850461313 -0.672772480064741
3
0.9537529160378295 -0.6376627177577572 0.3216961183964091 -0.3605569045603463 -0.2136936785213701
0.06082374581573946 -0.9385481915117004 -0.15908356192320428 0.6957837111216052 0.5143585889561535
-0.30994921279282184 -0.12612679822172135 -0.3589483297881677 0.4294284579285266 -0.053430213326930875
4
-0.9841050595526857
-0.7702648266875685
0.6316266697271677
0.5452223993694767