2
None -0.7071450210960388 -0.28682615453960647 -0.36082791679547155
None 0.4398115961945963 -0.9474803308637139 -0.7517776115619024
3
0.9352409622560054 0.7720206270374124 -0.5621383738918884 0.6459226638527558 -0.9112351704148007
-0.4438853451170133 -0.30456072986847804 0.5708092835550389 0.554234012817151 0.4769419950817717
0.2304179706772156 -0.03495208824027163 -0.5419112094095968 -0.5416693833269499 -0.10585182293790996
4
-0.3704105474831969
0.7771018654486814
0.3276874967176533
-0.24807793978516868