2
None -0.47356593952862513 0.9239952307405921 0.46863262514738424
None 0.42409120735141825 -0.4728710483704164 0.26197250926130544
3
-0.5401245862861868 0.5337772892884127 -0.01153848262560686 0.17232538499033168 0.07127069502648853
0.8160947633387714 -0.2679816592182789 -0.26564189852535214 0.5514784795432579 0.8791846096945295
-0.23355180954656407 0.13213232987402335 -0.06429707669775286 -0.6081769182971213 -0.9664639161495594
4
0.3075198185642485
0.37617679639767965
0.5234555996262569
-0.750989499108466