2
None 0.14947992732190318 0.49384493982936584 -0.1821676560297827
None 0.2503290790538615 -0.14188007032926064 0.12410724112570337
3
0.25477454107942465 0.827050969305454 0.5632363512049443 -0.6542177245191403 -0.3473960037671586
-0.14698067049253094 -0.00935058934100863 0.8832478746824555 -0.8910775839207008 -0.10856630586525262
0.011677428755576313 0.29221561483979563 -0.8427445446626181 -0.3283238288044412 0.923921991625229
4
0.4528472517242499
-0.20257397567828295
0.09984551696021082
0.9967894721500428