2
None -0.878284155888492 -0.5040721253930907 0.15520227937965636
None -0.04160263600166614 -0.2152130661596816 -0.9587716040702428
3
-0.5051803546681954 -0.18588772382192076 0.22802733799648678 0.06010554578406868 0.8454651792584311
0.5311278270708606 -0.5976667254277437 -0.11570788579255886 -0.04040191731686038 0.44562498579539667
0.18048570745804726 -0.28688679164776465 -0.023602733000752663 0.37008290709783886 -0.9883100848696138
4
0.8779603040420452
-0.8145745554607511
-0.9044559050751853
0.5588698009223028