2
None 0.15811432857853092 0.1471581586993458 0.4104655439428422
None 0.16589118616205067 -0.42185632470805867 -0.2829106955026053
3
0.4640077909019016 0.2309193806846328 -0.33161403049456273 -0.9433686138440698 -0.9271512002659921
0.025233020152608532 -0.9259520544554662 0.006138330173928397 0.5885593262599882 0.7032216308823487
-0.7259609084143777 0.6221395429755237 -0.2851013770198172 0.6409743772163536 -0.6319091344912282
4
-0.7354632591328556
0.4860016677603167
-0.18883303827480247
0.6833816813381788