2
None 0.7344217342606796 -0.7848341115148638 -0.684874658614143
None 0.5888824571440476 -0.7579549583983884 0.9090399119282699
3
0.3238982367300367 0.05542128858555184 -0.006945443176920252 0.31038613426440853 -0.7086944493220317
-0.09414035263686094 -0.9938124042551437 0.8785576045732546 0.16959844089593057 -0.024594104968420405
-0.21353422357212826 0.15985565714536176 -0.1550002487687685 0.0038370731879286968 -0.5128746084743367
4
-0.5247131555113578
0.3566198424626543
-0.9386080499701068
0.14161247543327105